0 0.7453125 0.4354166666666667 0.0625 0.10416666666666667
0 0.50234375 0.434375 0.0703125 0.13125
0 0.478125 0.6635416666666667 0.071875 0.12291666666666666
0 0.56796875 0.7510416666666667 0.0734375 0.11875
0 0.69453125 0.840625 0.0828125 0.12708333333333333
1 0.33046875 0.34270833333333334 0.1015625 0.11041666666666666
1 0.67890625 0.265625 0.0859375 0.12708333333333333
1 0.56875 0.4125 0.08125 0.125
1 0.38359375 0.4395833333333333 0.0828125 0.08333333333333333
2 0.6703125 0.446875 0.075 0.12708333333333333
2 0.37578125 0.49895833333333334 0.0671875 0.08125
2 0.584375 0.5802083333333333 0.071875 0.12291666666666666
2 0.6359375 0.7833333333333333 0.075 0.14166666666666666
2 0.43125 0.7197916666666667 0.06875 0.11458333333333333
2 0.33125 0.703125 0.09375 0.14375