1 0.59765625 0.4822916666666667 0.0609375 0.08541666666666667
1 0.39296875 0.46145833333333336 0.0671875 0.07291666666666667
1 0.28125 0.43333333333333335 0.084375 0.10416666666666667
1 0.334375 0.5729166666666666 0.0625 0.0875
1 0.38671875 0.6354166666666666 0.0703125 0.06666666666666667
2 0.3515625 0.76875 0.05625 0.1
2 0.48984375 0.6979166666666666 0.0609375 0.11666666666666667
2 0.63828125 0.678125 0.0453125 0.11875
2 0.47734375 0.35625 0.0515625 0.11666666666666667
2 0.51640625 0.46145833333333336 0.0640625 0.08958333333333333
2 0.42265625 0.36875 0.0515625 0.1125
0 0.3515625 0.3541666666666667 0.05625 0.08333333333333333
0 0.41640625 0.528125 0.0484375 0.08958333333333333
0 0.4953125 0.5208333333333334 0.05 0.09583333333333334
0 0.42734375 0.684375 0.0546875 0.06875
0 0.41015625 0.7635416666666667 0.0703125 0.10625