0 0.11953125 0.6770833333333334 0.1171875 0.17083333333333334
0 0.48671875 0.734375 0.1140625 0.19375
0 0.58984375 0.39479166666666665 0.1046875 0.16458333333333333
0 0.48671875 0.234375 0.1078125 0.16458333333333333
0 0.3265625 0.08333333333333333 0.090625 0.14583333333333334
1 0.36640625 0.7052083333333333 0.1453125 0.21875
1 0.81953125 0.375 0.1484375 0.225
1 0.4453125 0.35833333333333334 0.090625 0.11666666666666667
2 0.24140625 0.7 0.0921875 0.15
2 0.41484375 0.49166666666666664 0.1078125 0.1625
2 0.68984375 0.8375 0.1015625 0.12083333333333333
2 0.709375 0.7604166666666666 0.1 0.11666666666666667
2 0.67578125 0.34479166666666666 0.1140625 0.18125
2 0.3875 0.128125 0.115625 0.17291666666666666