1 0.28203125 0.50625 0.0734375 0.12083333333333333
1 0.375 0.44166666666666665 0.065625 0.11666666666666667
1 0.3421875 0.30104166666666665 0.0625 0.11458333333333333
1 0.40234375 0.31666666666666665 0.0640625 0.1125
1 0.55546875 0.6552083333333333 0.0546875 0.08541666666666667
0 0.31328125 0.63125 0.0515625 0.07916666666666666
0 0.46171875 0.5666666666666667 0.0515625 0.0875
0 0.4671875 0.46145833333333336 0.065625 0.09791666666666667
0 0.46015625 0.35 0.0703125 0.07916666666666666
0 0.4640625 0.265625 0.053125 0.11458333333333333
2 0.4125 0.21458333333333332 0.071875 0.08333333333333333
2 0.51796875 0.3875 0.0609375 0.11666666666666667
2 0.5578125 0.528125 0.0625 0.11875
2 0.378125 0.6291666666666667 0.059375 0.08333333333333333
2 0.42109375 0.6916666666666667 0.0546875 0.0875
2 0.47890625 0.625 0.0546875 0.08333333333333333