0 0.21796875 0.35104166666666664 0.0984375 0.18125
0 0.40703125 0.3177083333333333 0.0859375 0.14791666666666667
0 0.5484375 0.36354166666666665 0.09375 0.13541666666666666
0 0.6 0.5614583333333333 0.096875 0.13541666666666666
0 0.47421875 0.6375 0.0828125 0.14583333333333334
1 0.31875 0.35 0.11875 0.16666666666666666
1 0.3875 0.6614583333333334 0.121875 0.19791666666666666
1 0.678125 0.16875 0.115625 0.1375
1 0.53359375 0.5083333333333333 0.0703125 0.12083333333333333
2 0.56171875 0.6541666666666667 0.0796875 0.13333333333333333
2 0.5953125 0.278125 0.10625 0.18541666666666667