0 0.63828125 0.34270833333333334 0.0546875 0.08125
0 0.45390625 0.409375 0.0546875 0.07708333333333334
0 0.53046875 0.48541666666666666 0.0421875 0.0875
0 0.49375 0.5958333333333333 0.05625 0.0625
0 0.4890625 0.6697916666666667 0.059375 0.11875
2 0.4421875 0.33229166666666665 0.05625 0.08541666666666667
2 0.503125 0.30625 0.06875 0.06666666666666667
2 0.521875 0.375 0.05625 0.08333333333333333
2 0.428125 0.46770833333333334 0.059375 0.07708333333333334
2 0.45625 0.5208333333333334 0.0625 0.06666666666666667
2 0.54375 0.66875 0.0625 0.07916666666666666
1 0.371875 0.45729166666666665 0.05625 0.08541666666666667
1 0.57421875 0.503125 0.0578125 0.08958333333333333
1 0.53515625 0.5697916666666667 0.0546875 0.08541666666666667
1 0.58515625 0.5729166666666666 0.0609375 0.0625
1 0.5671875 0.42916666666666664 0.046875 0.07083333333333333