1 0.32265625 0.615625 0.0796875 0.09375
1 0.3890625 0.5614583333333333 0.053125 0.09375
1 0.5453125 0.859375 0.075 0.12708333333333333
1 0.5875 0.5010416666666667 0.075 0.12708333333333333
0 0.36015625 0.48854166666666665 0.0484375 0.07291666666666667
0 0.4375 0.6072916666666667 0.05625 0.10208333333333333
0 0.5125 0.45729166666666665 0.046875 0.09375
0 0.48828125 0.33645833333333336 0.0453125 0.09375
1 0.56015625 0.7583333333333333 0.0546875 0.08333333333333333
2 0.590625 0.7260416666666667 0.046875 0.07708333333333334
2 0.4515625 0.45625 0.046875 0.1
2 0.559375 0.4375 0.05 0.1
2 0.45234375 0.26875 0.0640625 0.1125