1 0.57421875 0.4510416666666667 0.0890625 0.16458333333333333
1 0.29296875 0.7572916666666667 0.0890625 0.16875
1 0.2078125 0.7677083333333333 0.05 0.11875
0 0.1296875 0.7604166666666666 0.084375 0.11666666666666667
0 0.371875 0.771875 0.08125 0.16875
0 0.4234375 0.49166666666666664 0.078125 0.13333333333333333
0 0.34453125 0.365625 0.0703125 0.13958333333333334
0 0.23515625 0.25833333333333336 0.0609375 0.1375
2 0.278125 0.2875 0.08125 0.15416666666666667
2 0.3125 0.5770833333333333 0.06875 0.1375
2 0.52421875 0.7708333333333334 0.0640625 0.07916666666666666
1 0.5140625 0.840625 0.084375 0.09375
1 0.32890625 0.4739583333333333 0.0671875 0.08541666666666667