1 0.69921875 0.5197916666666667 0.0546875 0.12291666666666666
1 0.6046875 0.33541666666666664 0.05 0.12916666666666668
1 0.5546875 0.38333333333333336 0.05 0.11666666666666667
1 0.60234375 0.5072916666666667 0.0640625 0.11875
0 0.49140625 0.3645833333333333 0.0421875 0.12916666666666668
0 0.50859375 0.4479166666666667 0.0421875 0.10416666666666667
0 0.5296875 0.5697916666666667 0.053125 0.11458333333333333
0 0.553125 0.6947916666666667 0.071875 0.09375
0 0.69375 0.6739583333333333 0.059375 0.09375
2 0.6390625 0.70625 0.0625 0.10833333333333334
2 0.6109375 0.79375 0.078125 0.09166666666666666
2 0.540625 0.7677083333333333 0.0625 0.09375
2 0.4578125 0.7052083333333333 0.0625 0.11458333333333333
2 0.46328125 0.5302083333333333 0.0546875 0.11458333333333333
2 0.525 0.2791666666666667 0.065625 0.09166666666666666
2 0.4828125 0.8364583333333333 0.059375 0.08125