1 0.328125 0.7635416666666667 0.0625 0.08958333333333333
1 0.58359375 0.6458333333333334 0.0703125 0.07083333333333333
1 0.40078125 0.6010416666666667 0.0609375 0.08958333333333333
0 0.23203125 0.7083333333333334 0.0640625 0.06666666666666667
0 0.25234375 0.4166666666666667 0.0546875 0.07916666666666666
0 0.35078125 0.4322916666666667 0.0484375 0.07291666666666667
0 0.42265625 0.4666666666666667 0.0515625 0.06666666666666667
0 0.4453125 0.5979166666666667 0.053125 0.08333333333333333
2 0.296875 0.6854166666666667 0.053125 0.0625
2 0.30859375 0.42916666666666664 0.0578125 0.07916666666666666
2 0.35390625 0.5447916666666667 0.0546875 0.06875
2 0.515625 0.41041666666666665 0.071875 0.07916666666666666
2 0.4484375 0.4322916666666667 0.059375 0.05625
1 0.5265625 0.609375 0.046875 0.027083333333333334