2 0.2890625 0.49583333333333335 0.078125 0.15833333333333333
2 0.375 0.5854166666666667 0.109375 0.125
2 0.42421875 0.6885416666666667 0.1015625 0.16458333333333333
2 0.5015625 0.48541666666666666 0.078125 0.14583333333333334
2 0.66875 0.43333333333333335 0.08125 0.1375
2 0.4703125 0.11875 0.090625 0.17916666666666667
0 0.378125 0.18125 0.1 0.125
0 0.37421875 0.4375 0.0921875 0.12083333333333333
0 0.51328125 0.3104166666666667 0.0609375 0.14166666666666666
0 0.57890625 0.2708333333333333 0.1046875 0.1125
0 0.5203125 0.6479166666666667 0.075 0.14166666666666666
1 0.35 0.31354166666666666 0.109375 0.12708333333333333
1 0.5734375 0.4708333333333333 0.06875 0.1375
1 0.61953125 0.5625 0.0859375 0.15
1 0.64765625 0.7208333333333333 0.0796875 0.15833333333333333
1 0.57421875 0.7625 0.0734375 0.1625