1 0.27578125 0.8895833333333333 0.0859375 0.10416666666666667
1 0.66328125 0.90625 0.0921875 0.1125
1 0.41328125 0.7802083333333333 0.0890625 0.11458333333333333
0 0.22421875 0.7208333333333333 0.0734375 0.09583333333333334
0 0.48828125 0.7770833333333333 0.0828125 0.1125
0 0.546875 0.5635416666666667 0.078125 0.11041666666666666
0 0.4640625 0.4552083333333333 0.075 0.11458333333333333
0 0.34765625 0.3385416666666667 0.0765625 0.11875
2 0.3953125 0.40625 0.0875 0.125
2 0.42421875 0.6135416666666667 0.0765625 0.12708333333333333
2 0.6109375 0.5208333333333334 0.071875 0.10833333333333334
2 0.6265625 0.7395833333333334 0.078125 0.0875
1 0.3109375 0.7239583333333334 0.0625 0.11041666666666666
1 0.6203125 0.8 0.090625 0.09166666666666666
2 0.71328125 0.5625 0.1015625 0.15833333333333333