2 0.3140625 0.5166666666666667 0.1 0.1
2 0.42734375 0.54375 0.1015625 0.08333333333333333
2 0.51328125 0.5885416666666666 0.0921875 0.10208333333333333
2 0.553125 0.4479166666666667 0.084375 0.10833333333333334
2 0.73671875 0.3625 0.0828125 0.10833333333333334
2 0.4234375 0.24166666666666667 0.09375 0.09583333333333334
0 0.34453125 0.30520833333333336 0.1171875 0.08958333333333333
0 0.52578125 0.33958333333333335 0.0828125 0.10833333333333334
0 0.59765625 0.29583333333333334 0.0921875 0.07916666666666666
0 0.609375 0.5322916666666667 0.08125 0.09375
0 0.403125 0.46145833333333336 0.103125 0.07708333333333334
1 0.70078125 0.584375 0.0921875 0.10208333333333333
1 0.7765625 0.5395833333333333 0.1 0.09166666666666666
1 0.709375 0.46041666666666664 0.090625 0.09583333333333334
1 0.63671875 0.425 0.0828125 0.1125
1 0.33828125 0.39375 0.1109375 0.0875