1 0.36875 0.6520833333333333 0.0625 0.09166666666666666
1 0.56875 0.85625 0.090625 0.09166666666666666
1 0.33125 0.7583333333333333 0.078125 0.0625
1 0.2578125 0.7520833333333333 0.0625 0.06666666666666667
0 0.46640625 0.5010416666666667 0.0640625 0.11041666666666666
1 0.540625 0.653125 0.053125 0.08541666666666667
2 0.45390625 0.6458333333333334 0.0515625 0.08333333333333333
2 0.47734375 0.7072916666666667 0.0515625 0.07291666666666667
2 0.4015625 0.5145833333333333 0.040625 0.07083333333333333
2 0.50546875 0.484375 0.0609375 0.08958333333333333
0 0.40859375 0.65625 0.0421875 0.07916666666666666