1 0.39453125 0.70625 0.0921875 0.07083333333333333
1 0.66171875 0.5916666666666667 0.0828125 0.0625
1 0.59453125 0.5489583333333333 0.0671875 0.06458333333333334
1 0.3796875 0.478125 0.08125 0.07708333333333334
1 0.37890625 0.6333333333333333 0.0703125 0.05
1 0.34140625 0.6125 0.0671875 0.04583333333333333
0 0.634375 0.5114583333333333 0.059375 0.06875
0 0.53515625 0.5729166666666666 0.0671875 0.07916666666666666
0 0.47109375 0.46145833333333336 0.0640625 0.07291666666666667
0 0.51015625 0.39375 0.0515625 0.04583333333333333
2 0.5625 0.35833333333333334 0.075 0.0625
2 0.534375 0.47708333333333336 0.059375 0.0625
2 0.4203125 0.44375 0.05625 0.04583333333333333