1 0.44375 0.7541666666666667 0.065625 0.08333333333333333
1 0.68671875 0.753125 0.0828125 0.10625
1 0.60234375 0.6666666666666666 0.0703125 0.09166666666666666
1 0.66484375 0.6260416666666667 0.0390625 0.06875
0 0.55703125 0.6541666666666667 0.0609375 0.10416666666666667
0 0.72109375 0.6260416666666667 0.0546875 0.07291666666666667
0 0.52265625 0.496875 0.0609375 0.07291666666666667
0 0.575 0.425 0.046875 0.09166666666666666
0 0.6515625 0.3385416666666667 0.05625 0.09791666666666667
2 0.60703125 0.5427083333333333 0.0703125 0.08958333333333333
2 0.6203125 0.39166666666666666 0.071875 0.09166666666666666
2 0.41640625 0.49375 0.0703125 0.10416666666666667
2 0.48125 0.465625 0.05 0.07291666666666667
1 0.471875 0.6729166666666667 0.053125 0.058333333333333334
1 0.4640625 0.628125 0.05 0.05625