2 0.33359375 0.5989583333333334 0.0703125 0.11041666666666666
2 0.5421875 0.721875 0.071875 0.08958333333333333
2 0.6171875 0.7833333333333333 0.053125 0.10416666666666667
2 0.678125 0.7416666666666667 0.0625 0.1125
2 0.4984375 0.459375 0.071875 0.09375
2 0.628125 0.275 0.071875 0.0875
0 0.56953125 0.3260416666666667 0.0671875 0.11458333333333333
0 0.56796875 0.41875 0.0515625 0.0875
0 0.55234375 0.6364583333333333 0.0671875 0.10208333333333333
0 0.63203125 0.5635416666666667 0.0515625 0.09375
0 0.76328125 0.6875 0.0515625 0.08333333333333333
1 0.44296875 0.7604166666666666 0.0578125 0.0875
1 0.63046875 0.43645833333333334 0.0671875 0.08541666666666667
1 0.7171875 0.453125 0.084375 0.07708333333333334
1 0.8234375 0.54375 0.071875 0.1125
1 0.6828125 0.6104166666666667 0.065625 0.07916666666666666