1 0.40703125 0.16145833333333334 0.0515625 0.10625
1 0.6765625 0.5083333333333333 0.0625 0.16666666666666666
1 0.5640625 0.559375 0.071875 0.13958333333333334
1 0.52265625 0.7260416666666667 0.0703125 0.14791666666666667
1 0.584375 0.790625 0.059375 0.13958333333333334
2 0.5015625 0.8802083333333334 0.075 0.11041666666666666
2 0.41015625 0.5708333333333333 0.0765625 0.13333333333333333
2 0.38359375 0.353125 0.0671875 0.11875
2 0.4796875 0.23333333333333334 0.059375 0.11666666666666667
2 0.546875 0.15625 0.065625 0.1125
2 0.58828125 0.271875 0.0515625 0.11458333333333333
0 0.653125 0.29583333333333334 0.046875 0.125
0 0.49296875 0.328125 0.0515625 0.11458333333333333
0 0.47890625 0.49270833333333336 0.0546875 0.12291666666666666
0 0.46328125 0.6541666666666667 0.0609375 0.10833333333333334
0 0.45 0.778125 0.059375 0.16458333333333333