1 0.184375 0.35 0.15625 0.22083333333333333
1 0.28828125 0.9270833333333334 0.1390625 0.12083333333333333
1 0.27265625 0.840625 0.1171875 0.11875
1 0.6734375 0.8125 0.15 0.2375
0 0.5390625 0.8416666666666667 0.134375 0.24166666666666667
0 0.946875 0.825 0.10625 0.15
2 0.81875 0.8302083333333333 0.103125 0.17291666666666666
2 0.6421875 0.55625 0.121875 0.19583333333333333
2 0.34765625 0.3229166666666667 0.1140625 0.18333333333333332
0 0.44921875 0.4114583333333333 0.1203125 0.18958333333333333
0 0.590625 0.22708333333333333 0.125 0.18333333333333332
2 0.7078125 0.11354166666666667 0.140625 0.22291666666666668
1 0.61640625 0.390625 0.1078125 0.11875