0 0.45 0.5947916666666667 0.09375 0.10625
0 0.47578125 0.696875 0.0859375 0.07708333333333334
0 0.4921875 0.790625 0.0875 0.13125
0 0.66484375 0.3854166666666667 0.1015625 0.07916666666666666
0 0.43671875 0.48020833333333335 0.0890625 0.08958333333333333
1 0.27421875 0.4354166666666667 0.0984375 0.07916666666666666
1 0.58828125 0.5875 0.0984375 0.08333333333333333
1 0.74921875 0.50625 0.1140625 0.13333333333333333
1 0.69140625 0.7291666666666666 0.0921875 0.13333333333333333
1 0.58125 0.7239583333333334 0.09375 0.13125
2 0.28203125 0.559375 0.0890625 0.12291666666666666
2 0.39140625 0.4395833333333333 0.0828125 0.08333333333333333
2 0.47265625 0.359375 0.0984375 0.10208333333333333
2 0.559375 0.40208333333333335 0.103125 0.09166666666666666
2 0.58984375 0.8239583333333333 0.0921875 0.11041666666666666
2 0.371875 0.68125 0.115625 0.12083333333333333