0 0.33671875 0.39375 0.0609375 0.08333333333333333
0 0.52578125 0.4125 0.0609375 0.07916666666666666
0 0.54296875 0.5166666666666667 0.0703125 0.08333333333333333
0 0.5609375 0.6166666666666667 0.065625 0.07916666666666666
0 0.56875 0.6916666666666667 0.065625 0.09583333333333334
1 0.31640625 0.525 0.0765625 0.09583333333333334
1 0.44453125 0.55625 0.0796875 0.09583333333333334
1 0.48984375 0.6625 0.0765625 0.10833333333333334
1 0.41875 0.6989583333333333 0.065625 0.10625
1 0.62890625 0.3072916666666667 0.0703125 0.07708333333333334
2 0.653125 0.428125 0.078125 0.09791666666666667
2 0.621875 0.5645833333333333 0.075 0.10416666666666667
2 0.521875 0.7635416666666667 0.0875 0.09375
2 0.5421875 0.35 0.06875 0.075
2 0.465625 0.3072916666666667 0.06875 0.08541666666666667
2 0.41484375 0.38125 0.0703125 0.10416666666666667