1 0.3640625 0.553125 0.0625 0.09791666666666667
1 0.46015625 0.6197916666666666 0.0703125 0.07708333333333334
1 0.40859375 0.728125 0.0578125 0.08958333333333333
1 0.46953125 0.7270833333333333 0.0609375 0.1
1 0.678125 0.49166666666666664 0.059375 0.07083333333333333
2 0.471875 0.8166666666666667 0.08125 0.0625
2 0.609375 0.6989583333333333 0.06875 0.09791666666666667
2 0.66640625 0.5958333333333333 0.0671875 0.0875
2 0.47890625 0.4739583333333333 0.0640625 0.07291666666666667
2 0.5328125 0.4375 0.05625 0.07083333333333333
2 0.59296875 0.4947916666666667 0.0671875 0.052083333333333336
0 0.4171875 0.4625 0.0625 0.09166666666666666
0 0.56015625 0.5364583333333334 0.0578125 0.07708333333333334
0 0.5546875 0.6229166666666667 0.071875 0.07083333333333333
0 0.5375 0.7114583333333333 0.0625 0.06041666666666667
0 0.5359375 0.7864583333333334 0.08125 0.08541666666666667