0 0.4328125 0.2989583333333333 0.059375 0.09375
0 0.32578125 0.365625 0.0515625 0.06875
0 0.49296875 0.421875 0.0546875 0.07708333333333334
0 0.45234375 0.5 0.0546875 0.0625
1 0.5921875 0.403125 0.08125 0.08125
1 0.5703125 0.13229166666666667 0.05 0.06041666666666667
1 0.58203125 0.20833333333333334 0.0609375 0.06666666666666667
1 0.61328125 0.23854166666666668 0.0734375 0.052083333333333336
1 0.30234375 0.2677083333333333 0.0796875 0.08541666666666667
1 0.3625 0.315625 0.059375 0.06041666666666667
2 0.40859375 0.5479166666666667 0.0609375 0.10416666666666667
2 0.43203125 0.4041666666666667 0.0546875 0.075
2 0.54609375 0.4427083333333333 0.0484375 0.08125