2 0.4328125 0.7010416666666667 0.09375 0.12708333333333333
2 0.3625 0.41875 0.05 0.09583333333333334
2 0.453125 0.5125 0.065625 0.0875
2 0.703125 0.5677083333333334 0.096875 0.11875
2 0.6234375 0.5989583333333334 0.06875 0.10625
0 0.5625 0.5572916666666666 0.071875 0.08958333333333333
0 0.515625 0.37083333333333335 0.08125 0.10416666666666667
0 0.28046875 0.4270833333333333 0.0859375 0.09166666666666666
0 0.4921875 0.6541666666666667 0.0625 0.09166666666666666
0 0.39921875 0.76875 0.0921875 0.12083333333333333
1 0.32734375 0.2677083333333333 0.0859375 0.09375
1 0.45 0.36875 0.09375 0.10416666666666667
1 0.66640625 0.25 0.0765625 0.08333333333333333
1 0.6234375 0.3416666666666667 0.06875 0.07083333333333333
1 0.6375 0.4 0.06875 0.07916666666666666