2 0.3875 0.5916666666666667 0.05625 0.09583333333333334
2 0.534375 0.665625 0.046875 0.08541666666666667
2 0.66953125 0.778125 0.0671875 0.09791666666666667
2 0.53671875 0.43645833333333334 0.0578125 0.06458333333333334
2 0.590625 0.35520833333333335 0.04375 0.09375
2 0.64921875 0.38125 0.0484375 0.0875
0 0.71640625 0.39895833333333336 0.0421875 0.08125
0 0.6328125 0.5385416666666667 0.053125 0.07291666666666667
0 0.5578125 0.503125 0.046875 0.07291666666666667
0 0.59609375 0.6770833333333334 0.0546875 0.07083333333333333
0 0.6125 0.753125 0.05 0.11041666666666666
1 0.46015625 0.4239583333333333 0.0546875 0.07708333333333334
1 0.659375 0.48541666666666666 0.065625 0.06666666666666667
1 0.7875 0.5010416666666667 0.084375 0.09791666666666667
1 0.71171875 0.5979166666666667 0.0671875 0.07916666666666666
1 0.64765625 0.6375 0.0765625 0.075