1 0.63515625 0.6270833333333333 0.0578125 0.058333333333333334
1 0.421875 0.7739583333333333 0.05 0.07291666666666667
1 0.41640625 0.684375 0.0515625 0.06458333333333334
1 0.3859375 0.665625 0.05625 0.052083333333333336
1 0.41171875 0.48541666666666666 0.0546875 0.1
1 0.5734375 0.5729166666666666 0.046875 0.075
2 0.54609375 0.334375 0.0515625 0.08958333333333333
0 0.609375 0.5260416666666666 0.053125 0.052083333333333336
0 0.53203125 0.6 0.0515625 0.0875
0 0.47890625 0.46458333333333335 0.0421875 0.075
2 0.53359375 0.490625 0.0609375 0.08125
2 0.4375 0.4427083333333333 0.040625 0.07291666666666667
0 0.50703125 0.3802083333333333 0.0421875 0.06875