2 0.30078125 0.7583333333333333 0.1109375 0.16666666666666666
2 0.5875 0.6427083333333333 0.084375 0.13958333333333334
2 0.37734375 0.4666666666666667 0.0859375 0.15
1 0.671875 0.23125 0.1 0.09166666666666666
1 0.684375 0.31354166666666666 0.0875 0.09375
1 0.3703125 0.27708333333333335 0.121875 0.1625
2 0.25390625 0.2520833333333333 0.0890625 0.12083333333333333
0 0.15 0.24791666666666667 0.10625 0.1375
0 0.475 0.26979166666666665 0.096875 0.18958333333333333
0 0.4 0.6958333333333333 0.09375 0.14583333333333334
0 0.23828125 0.7989583333333333 0.0765625 0.15208333333333332
0 0.51796875 0.575 0.0953125 0.15833333333333333
1 0.71796875 0.65 0.1203125 0.15833333333333333