0 0.4609375 0.4947916666666667 0.0625 0.08958333333333333
0 0.5578125 0.5177083333333333 0.06875 0.11041666666666666
0 0.6609375 0.30104166666666665 0.0625 0.09791666666666667
0 0.5421875 0.71875 0.06875 0.10416666666666667
0 0.5625 0.8177083333333334 0.075 0.13125
1 0.6609375 0.590625 0.075 0.08125
1 0.76328125 0.42291666666666666 0.0890625 0.1125
1 0.603125 0.44479166666666664 0.0875 0.11041666666666666
1 0.328125 0.43020833333333336 0.075 0.11458333333333333
1 0.59375 0.6614583333333334 0.084375 0.10625
2 0.56171875 0.3104166666666667 0.0765625 0.1375
2 0.4890625 0.29375 0.084375 0.13333333333333333
2 0.43046875 0.403125 0.0734375 0.09375
2 0.25859375 0.671875 0.0734375 0.14791666666666667
2 0.45546875 0.7135416666666666 0.0609375 0.13125
2 0.63125 0.834375 0.06875 0.11458333333333333