2 0.41328125 0.4197916666666667 0.0484375 0.07708333333333334
2 0.43984375 0.5510416666666667 0.0484375 0.06875
2 0.57109375 0.7104166666666667 0.0515625 0.0625
2 0.590625 0.6760416666666667 0.0625 0.06041666666666667
2 0.5234375 0.5041666666666667 0.03125 0.06666666666666667
1 0.3640625 0.6927083333333334 0.0625 0.06041666666666667
1 0.565625 0.7927083333333333 0.065625 0.06458333333333334
1 0.4046875 0.6375 0.05 0.075
1 0.553125 0.5333333333333333 0.05 0.07916666666666666
0 0.37109375 0.6 0.0390625 0.05
0 0.4484375 0.653125 0.046875 0.07291666666666667
0 0.4890625 0.534375 0.05 0.07291666666666667
0 0.45078125 0.4510416666666667 0.0390625 0.06458333333333334