0 0.3046875 0.6302083333333334 0.0375 0.03958333333333333
0 0.44453125 0.53125 0.0390625 0.07083333333333333
0 0.40625 0.40208333333333335 0.0375 0.04583333333333333
0 0.4453125 0.434375 0.0375 0.04791666666666667
0 0.34375 0.390625 0.028125 0.04791666666666667
1 0.35 0.64375 0.04375 0.04583333333333333
1 0.559375 0.6114583333333333 0.04375 0.04791666666666667
1 0.51953125 0.603125 0.0421875 0.04375
1 0.4109375 0.50625 0.040625 0.0625
2 0.371875 0.378125 0.028125 0.03958333333333333
2 0.471875 0.41458333333333336 0.0375 0.05416666666666667
2 0.50703125 0.3854166666666667 0.0484375 0.05