2 0.43671875 0.6625 0.0734375 0.075
2 0.63984375 0.6104166666666667 0.0546875 0.07916666666666666
2 0.52890625 0.42291666666666666 0.0671875 0.058333333333333334
0 0.38671875 0.6541666666666667 0.0609375 0.0875
0 0.28046875 0.3145833333333333 0.0796875 0.06666666666666667
0 0.49921875 0.6270833333333333 0.0609375 0.075
0 0.58984375 0.5864583333333333 0.0734375 0.06875
0 0.5875 0.45208333333333334 0.084375 0.0875
1 0.5125 0.48125 0.0875 0.0875
1 0.8234375 0.33958333333333335 0.090625 0.075
1 0.74296875 0.34375 0.0796875 0.058333333333333334
1 0.375 0.29791666666666666 0.10625 0.0625
1 0.721875 0.6458333333333334 0.078125 0.09583333333333334