0 0.17890625 0.253125 0.0609375 0.08958333333333333
0 0.37421875 0.24166666666666667 0.0640625 0.11666666666666667
0 0.415625 0.44479166666666664 0.059375 0.09791666666666667
0 0.3484375 0.53125 0.05 0.1
2 0.24296875 0.246875 0.0546875 0.08541666666666667
2 0.3234375 0.3770833333333333 0.059375 0.1
2 0.46328125 0.484375 0.0515625 0.10625
2 0.29375 0.5833333333333334 0.06875 0.10416666666666667
1 0.54140625 0.475 0.0703125 0.125
1 0.49453125 0.203125 0.0609375 0.06458333333333334
1 0.4984375 0.24583333333333332 0.046875 0.0625
1 0.3390625 0.45208333333333334 0.05625 0.0625