0 0.6765625 0.21770833333333334 0.05625 0.08125
0 0.5921875 0.6354166666666666 0.04375 0.1125
0 0.4546875 0.49583333333333335 0.046875 0.07916666666666666
0 0.46484375 0.296875 0.0359375 0.09791666666666667
0 0.509375 0.5729166666666666 0.040625 0.1
1 0.50859375 0.3104166666666667 0.0578125 0.1125
1 0.609375 0.11875 0.05625 0.08333333333333333
1 0.35546875 0.18020833333333333 0.0546875 0.07708333333333334
1 0.409375 0.23958333333333334 0.053125 0.0625
1 0.40859375 0.28125 0.0421875 0.05416666666666667
1 0.61796875 0.23541666666666666 0.0421875 0.075
2 0.53203125 0.4166666666666667 0.0484375 0.10416666666666667
2 0.42421875 0.5395833333333333 0.0359375 0.08333333333333333
2 0.5453125 0.6052083333333333 0.046875 0.10625
2 0.3625 0.5614583333333333 0.053125 0.10208333333333333