1 0.32109375 0.24791666666666667 0.0734375 0.14166666666666666
1 0.6875 0.54375 0.109375 0.19583333333333333
1 0.54140625 0.61875 0.0671875 0.1375
1 0.50234375 0.8083333333333333 0.0859375 0.15833333333333333
1 0.58203125 0.85 0.0859375 0.18333333333333332
2 0.30703125 0.440625 0.0796875 0.16458333333333333
2 0.35234375 0.6635416666666667 0.0890625 0.16875
2 0.4796875 0.95 0.084375 0.1
2 0.49765625 0.20729166666666668 0.0859375 0.13541666666666666
2 0.56171875 0.31875 0.0953125 0.1375
2 0.4203125 0.29791666666666666 0.075 0.11666666666666667
0 0.64140625 0.32708333333333334 0.0703125 0.14166666666666666
0 0.44453125 0.3885416666666667 0.0796875 0.13958333333333334
0 0.434375 0.575 0.096875 0.15833333333333333
0 0.41953125 0.7458333333333333 0.0671875 0.14583333333333334
0 0.41015625 0.8770833333333333 0.0828125 0.2125