1 0.29609375 0.80625 0.0828125 0.07083333333333333
1 0.34765625 0.8302083333333333 0.0890625 0.09375
1 0.38125 0.934375 0.115625 0.11041666666666666
1 0.7453125 0.6979166666666666 0.096875 0.1
1 0.62890625 0.6416666666666667 0.0984375 0.11666666666666667
1 0.3109375 0.571875 0.128125 0.13541666666666666
0 0.678125 0.575 0.084375 0.06666666666666667
0 0.5546875 0.6958333333333333 0.1 0.1375
0 0.43515625 0.5270833333333333 0.0734375 0.125
0 0.4796875 0.4010416666666667 0.084375 0.11458333333333333
2 0.53984375 0.33125 0.0984375 0.12083333333333333
2 0.36484375 0.5072916666666667 0.0859375 0.10625
2 0.53203125 0.53125 0.1046875 0.10833333333333334