1 0.2390625 0.2833333333333333 0.103125 0.0875
1 0.734375 0.4822916666666667 0.121875 0.11458333333333333
1 0.52109375 0.5052083333333334 0.1078125 0.09375
1 0.5546875 0.6239583333333333 0.11875 0.10208333333333333
1 0.43828125 0.596875 0.0984375 0.12291666666666666
0 0.70703125 0.36354166666666665 0.0984375 0.08958333333333333
0 0.40390625 0.37916666666666665 0.1046875 0.075
0 0.3671875 0.4708333333333333 0.1125 0.10416666666666667
0 0.33671875 0.546875 0.0921875 0.08958333333333333
0 0.30390625 0.615625 0.0984375 0.10208333333333333
2 0.51328125 0.2875 0.1265625 0.0875
2 0.5796875 0.35520833333333335 0.1125 0.09375
2 0.37109375 0.31979166666666664 0.1140625 0.06875
2 0.19296875 0.375 0.1015625 0.075
2 0.2328125 0.4979166666666667 0.096875 0.075
2 0.39609375 0.6739583333333333 0.1234375 0.06875