1 0.41171875 0.6083333333333333 0.0609375 0.07916666666666666
1 0.7 0.49270833333333336 0.078125 0.11458333333333333
1 0.59765625 0.43125 0.0703125 0.09583333333333334
1 0.63515625 0.31145833333333334 0.0546875 0.12291666666666666
1 0.57109375 0.325 0.0734375 0.10416666666666667
2 0.41171875 0.5052083333333334 0.0703125 0.09375
2 0.553125 0.6364583333333333 0.059375 0.08958333333333333
2 0.5984375 0.5875 0.059375 0.09166666666666666
2 0.4921875 0.584375 0.0625 0.08125
2 0.45 0.384375 0.05625 0.09791666666666667
2 0.56171875 0.23333333333333334 0.0703125 0.075
0 0.50546875 0.2833333333333333 0.0609375 0.09583333333333334
0 0.51328125 0.35104166666666664 0.0609375 0.07708333333333334
0 0.5078125 0.440625 0.05625 0.08541666666666667
0 0.515625 0.546875 0.0625 0.09791666666666667
0 0.66171875 0.59375 0.0578125 0.0875