1 0.37578125 0.22291666666666668 0.1046875 0.1125
1 0.69375 0.171875 0.084375 0.11875
1 0.775 0.13333333333333333 0.084375 0.09583333333333334
1 0.7140625 0.32083333333333336 0.084375 0.125
1 0.5125 0.4395833333333333 0.075 0.1
2 0.55625 0.33229166666666665 0.075 0.09375
2 0.6140625 0.38125 0.075 0.09583333333333334
2 0.6453125 0.603125 0.075 0.10208333333333333
0 0.6828125 0.559375 0.096875 0.13958333333333334
0 0.56015625 0.4 0.0609375 0.09166666666666666
0 0.6578125 0.3416666666666667 0.0625 0.11666666666666667
1 0.703125 0.5114583333333333 0.078125 0.09375
2 0.7484375 0.4979166666666667 0.053125 0.0875