0 0.41640625 0.32708333333333334 0.0703125 0.13333333333333333
0 0.571875 0.35104166666666664 0.071875 0.14791666666666667
0 0.51484375 0.63125 0.0734375 0.14583333333333334
0 0.63828125 0.7302083333333333 0.0796875 0.16458333333333333
1 0.27421875 0.50625 0.1046875 0.175
1 0.5859375 0.6458333333333334 0.084375 0.17083333333333334
1 0.64453125 0.371875 0.0859375 0.16875
2 0.4109375 0.478125 0.09375 0.17708333333333334
2 0.475 0.29375 0.059375 0.1125
2 0.52734375 0.40625 0.0546875 0.13333333333333333
2 0.5375 0.7427083333333333 0.078125 0.11875