1 0.2609375 0.6260416666666667 0.109375 0.11458333333333333
1 0.3484375 0.5489583333333333 0.1 0.10625
1 0.69375 0.7489583333333333 0.115625 0.11458333333333333
1 0.66484375 0.39895833333333336 0.1046875 0.11875
1 0.696875 0.64375 0.1125 0.10416666666666667
1 0.74296875 0.6020833333333333 0.0859375 0.06666666666666667
1 0.484375 0.35 0.075 0.06666666666666667
1 0.43359375 0.240625 0.0734375 0.09375
2 0.36953125 0.2520833333333333 0.0859375 0.12083333333333333
2 0.4296875 0.42604166666666665 0.0875 0.12291666666666666
2 0.6 0.35208333333333336 0.084375 0.10833333333333334
0 0.52421875 0.39479166666666665 0.0921875 0.09791666666666667
0 0.4515625 0.5697916666666667 0.084375 0.12291666666666666
0 0.27734375 0.5 0.0828125 0.08333333333333333
0 0.4515625 0.2875 0.075 0.08333333333333333
0 0.3609375 0.18125 0.075 0.0625