0 0.38828125 0.35208333333333336 0.0484375 0.09166666666666666
0 0.5140625 0.43333333333333335 0.04375 0.0875
0 0.51171875 0.5416666666666666 0.0546875 0.09583333333333334
0 0.49453125 0.6322916666666667 0.0609375 0.06875
0 0.49375 0.7197916666666667 0.05625 0.11041666666666666
1 0.3515625 0.46041666666666664 0.06875 0.1
1 0.43125 0.5354166666666667 0.06875 0.09166666666666666
1 0.384375 0.653125 0.05 0.11458333333333333
1 0.44140625 0.6572916666666667 0.0546875 0.11875
1 0.60625 0.3802083333333333 0.05625 0.06875
2 0.4875 0.31979166666666664 0.053125 0.09791666666666667
2 0.44375 0.36875 0.05625 0.09166666666666666
2 0.534375 0.38958333333333334 0.059375 0.08333333333333333
2 0.59921875 0.4895833333333333 0.0609375 0.1125
2 0.55234375 0.615625 0.0546875 0.11458333333333333
2 0.446875 0.7604166666666666 0.06875 0.09166666666666666