2 0.5234375 0.14479166666666668 0.10625 0.15625
2 0.5953125 0.06666666666666667 0.0875 0.125
2 0.69140625 0.16041666666666668 0.0828125 0.11666666666666667
2 0.8203125 0.3385416666666667 0.10625 0.15208333333333332
2 0.74609375 0.5177083333333333 0.0921875 0.15208333333333332
2 0.55078125 0.7708333333333334 0.1078125 0.13333333333333333
1 0.81875 0.14270833333333333 0.11875 0.12291666666666666
1 0.34921875 0.3072916666666667 0.1203125 0.18125
1 0.51015625 0.41458333333333336 0.0984375 0.15
1 0.43203125 0.6260416666666667 0.0734375 0.16458333333333333
1 0.53984375 0.6104166666666667 0.1046875 0.17916666666666667
0 0.6578125 0.2552083333333333 0.103125 0.14375
0 0.4140625 0.146875 0.09375 0.13958333333333334
0 0.65078125 0.4197916666666667 0.1234375 0.13958333333333334
0 0.6421875 0.5697916666666667 0.084375 0.11875
0 0.63515625 0.6927083333333334 0.0828125 0.18541666666666667