0 0.4765625 0.18333333333333332 0.05625 0.15
0 0.49609375 0.28229166666666666 0.0734375 0.09375
0 0.5109375 0.40625 0.08125 0.11666666666666667
0 0.53515625 0.55625 0.0640625 0.1
0 0.71640625 0.565625 0.0703125 0.11041666666666666
1 0.4359375 0.6791666666666667 0.05625 0.08333333333333333
1 0.61015625 0.36666666666666664 0.0859375 0.125
1 0.734375 0.396875 0.08125 0.14375
1 0.62890625 0.18958333333333333 0.0765625 0.14166666666666666
1 0.559375 0.228125 0.075 0.12291666666666666
2 0.525 0.11041666666666666 0.084375 0.1
2 0.43125 0.353125 0.06875 0.12708333333333333
2 0.41171875 0.54375 0.0828125 0.14583333333333334
2 0.5140625 0.61875 0.065625 0.1125
2 0.59296875 0.6791666666666667 0.0671875 0.125
2 0.6453125 0.5822916666666667 0.078125 0.12291666666666666