2 0.45859375 0.228125 0.0828125 0.18125
2 0.61796875 0.44375 0.0859375 0.175
2 0.6734375 0.5166666666666667 0.096875 0.17916666666666667
2 0.684375 0.8 0.08125 0.15416666666666667
2 0.6 0.89375 0.096875 0.1375
2 0.565625 0.7927083333333333 0.078125 0.15625
0 0.5328125 0.18125 0.096875 0.17083333333333334
0 0.54453125 0.328125 0.0890625 0.13958333333333334
0 0.5203125 0.5916666666666667 0.078125 0.19583333333333333
0 0.6578125 0.66875 0.1 0.14166666666666666
0 0.41484375 0.9447916666666667 0.0765625 0.11041666666666666
1 0.49140625 0.41875 0.0890625 0.15833333333333333
1 0.41875 0.46041666666666664 0.090625 0.15
1 0.45234375 0.5916666666666667 0.0890625 0.15416666666666667
1 0.48515625 0.7208333333333333 0.0921875 0.1625
1 0.75546875 0.5145833333333333 0.0984375 0.175