1 0.33203125 0.41458333333333336 0.0859375 0.125
1 0.59765625 0.43645833333333334 0.0765625 0.13541666666666666
1 0.66015625 0.4739583333333333 0.0953125 0.12291666666666666
1 0.72421875 0.58125 0.0984375 0.14166666666666666
1 0.665625 0.6364583333333333 0.096875 0.14375
0 0.32734375 0.29791666666666666 0.1078125 0.10833333333333334
0 0.49609375 0.3375 0.0921875 0.14166666666666666
0 0.5515625 0.2916666666666667 0.090625 0.09583333333333334
0 0.3921875 0.48125 0.109375 0.10416666666666667
0 0.5765625 0.5697916666666667 0.078125 0.11875
2 0.30703125 0.5697916666666667 0.1015625 0.13541666666666666
2 0.4171875 0.6052083333333333 0.103125 0.09791666666666667
2 0.4953125 0.6520833333333333 0.078125 0.125
2 0.52578125 0.48541666666666666 0.0921875 0.15416666666666667
2 0.6828125 0.3572916666666667 0.084375 0.13125
2 0.39765625 0.22083333333333333 0.0984375 0.12916666666666668