1 0.2515625 0.6395833333333333 0.084375 0.10416666666666667
1 0.66953125 0.5927083333333333 0.0765625 0.10625
1 0.334375 0.4895833333333333 0.078125 0.10416666666666667
1 0.40703125 0.421875 0.0828125 0.08125
1 0.40390625 0.60625 0.0859375 0.10416666666666667
0 0.346875 0.7197916666666667 0.065625 0.10625
0 0.43515625 0.5270833333333333 0.0734375 0.09583333333333334
0 0.53203125 0.5489583333333333 0.0765625 0.08541666666666667
0 0.42265625 0.2875 0.0828125 0.10833333333333334
0 0.4484375 0.3729166666666667 0.071875 0.09583333333333334
2 0.52890625 0.3645833333333333 0.0734375 0.13333333333333333
2 0.72890625 0.384375 0.0734375 0.12291666666666666
2 0.5640625 0.6166666666666667 0.08125 0.0875
2 0.51484375 0.7197916666666667 0.0765625 0.12291666666666666
2 0.43984375 0.7125 0.0828125 0.125
2 0.3578125 0.28229166666666666 0.075 0.10208333333333333