1 0.4765625 0.28125 0.05 0.09583333333333334
1 0.67734375 0.36041666666666666 0.0640625 0.10416666666666667
1 0.5953125 0.6197916666666666 0.05625 0.13125
1 0.48359375 0.8 0.0421875 0.1125
0 0.71875 0.41770833333333335 0.040625 0.09375
0 0.56328125 0.5364583333333334 0.0453125 0.12291666666666666
0 0.54765625 0.7364583333333333 0.0390625 0.08958333333333333
0 0.57421875 0.8395833333333333 0.0390625 0.09583333333333334
0 0.63046875 0.909375 0.0421875 0.09375
2 0.60625 0.9177083333333333 0.046875 0.12291666666666666
2 0.51875 0.7708333333333334 0.03125 0.1125