1 0.634375 0.728125 0.05625 0.11458333333333333
1 0.4390625 0.565625 0.046875 0.11875
1 0.5875 0.3770833333333333 0.0375 0.14166666666666666
2 0.47734375 0.5739583333333333 0.0421875 0.09791666666666667
2 0.63125 0.08645833333333333 0.0375 0.10208333333333333
2 0.54375 0.134375 0.040625 0.12708333333333333
0 0.55546875 0.41458333333333336 0.0359375 0.14166666666666666
0 0.6703125 0.7229166666666667 0.034375 0.1
0 0.5578125 0.18854166666666666 0.040625 0.10208333333333333
0 0.603125 0.125 0.034375 0.11666666666666667
0 0.6578125 0.12291666666666666 0.034375 0.1375