1 0.671875 0.375 0.14375 0.24166666666666667
1 0.33359375 0.8979166666666667 0.1171875 0.20416666666666666
1 0.228125 0.9416666666666667 0.090625 0.11666666666666667
1 0.63125 0.965625 0.0875 0.06875
1 0.64140625 0.9041666666666667 0.1015625 0.125
0 0.11875 0.9510416666666667 0.090625 0.09791666666666667
0 0.44375 0.8989583333333333 0.13125 0.20208333333333334
0 0.4859375 0.4822916666666667 0.09375 0.21875
0 0.3703125 0.28958333333333336 0.09375 0.2125
0 0.21484375 0.15104166666666666 0.0921875 0.22708333333333333
2 0.27265625 0.190625 0.1109375 0.2520833333333333
2 0.34609375 0.65625 0.1015625 0.22083333333333333
2 0.5578125 0.3802083333333333 0.075 0.20208333333333334
1 0.359375 0.484375 0.1 0.14375