2 0.49609375 0.3385416666666667 0.0890625 0.08958333333333333
2 0.571875 0.3875 0.09375 0.08333333333333333
2 0.459375 0.40208333333333335 0.084375 0.07916666666666666
2 0.51953125 0.5572916666666666 0.0859375 0.10208333333333333
2 0.56796875 0.5166666666666667 0.0859375 0.09166666666666666
2 0.38046875 0.675 0.0609375 0.09166666666666666
0 0.31171875 0.33541666666666664 0.0609375 0.07083333333333333
0 0.45546875 0.625 0.0859375 0.07916666666666666
0 0.446875 0.690625 0.08125 0.09375
0 0.43046875 0.49583333333333335 0.0640625 0.08333333333333333
0 0.53359375 0.4552083333333333 0.0796875 0.06875
1 0.3875 0.4354166666666667 0.071875 0.0875
1 0.3671875 0.5052083333333334 0.06875 0.07708333333333334
1 0.3390625 0.5697916666666667 0.08125 0.08125
1 0.40703125 0.5760416666666667 0.0828125 0.09375
1 0.64375 0.5197916666666667 0.08125 0.09791666666666667