0 0.31875 0.7604166666666666 0.0625 0.15416666666666667
0 0.5125 0.7197916666666667 0.04375 0.16875
0 0.53828125 0.3927083333333333 0.0609375 0.13125
0 0.42109375 0.12291666666666666 0.0515625 0.15833333333333333
0 0.490625 0.25104166666666666 0.05 0.17291666666666666
2 0.45859375 0.16979166666666667 0.0546875 0.20208333333333334
2 0.46328125 0.50625 0.0421875 0.17083333333333334
2 0.56796875 0.3385416666666667 0.0484375 0.14375
1 0.62734375 0.33958333333333335 0.0671875 0.16666666666666666
1 0.565625 0.7552083333333334 0.053125 0.08958333333333333
1 0.5625 0.8270833333333333 0.05625 0.09583333333333334
1 0.61015625 0.9375 0.0765625 0.125
1 0.38046875 0.9375 0.0640625 0.125
1 0.371875 0.7645833333333333 0.053125 0.14583333333333334
1 0.48125 0.6739583333333333 0.05 0.18125
1 0.45703125 0.3854166666666667 0.0546875 0.12916666666666668