1 0.33828125 0.6239583333333333 0.0859375 0.13541666666666666
1 0.5703125 0.8510416666666667 0.103125 0.16041666666666668
1 0.565625 0.7083333333333334 0.071875 0.13333333333333333
1 0.590625 0.6552083333333333 0.05 0.11875
1 0.38828125 0.5145833333333333 0.0671875 0.12916666666666668
1 0.56640625 0.34479166666666666 0.0796875 0.16458333333333333
0 0.353125 0.43645833333333334 0.05625 0.08958333333333333
0 0.4390625 0.5604166666666667 0.075 0.1625
0 0.48828125 0.31666666666666665 0.0671875 0.1375
0 0.46328125 0.16354166666666667 0.0609375 0.12708333333333333
2 0.43984375 0.3489583333333333 0.0734375 0.15208333333333332
2 0.5328125 0.27395833333333336 0.046875 0.13958333333333334
2 0.42109375 0.09270833333333334 0.0609375 0.16458333333333333