1 0.34921875 0.5625 0.0515625 0.11666666666666667
1 0.45625 0.6104166666666667 0.084375 0.10416666666666667
1 0.42890625 0.7427083333333333 0.0671875 0.11875
1 0.47890625 0.7145833333333333 0.0671875 0.12083333333333333
1 0.6046875 0.3625 0.06875 0.0875
2 0.47734375 0.36666666666666664 0.0765625 0.10833333333333334
2 0.43515625 0.42916666666666664 0.0609375 0.1
2 0.53046875 0.39895833333333336 0.0546875 0.08125
2 0.615625 0.4864583333333333 0.053125 0.11041666666666666
2 0.590625 0.6270833333333333 0.0625 0.10833333333333334
2 0.4984375 0.8104166666666667 0.06875 0.0875
0 0.371875 0.434375 0.05625 0.09375
0 0.51875 0.46458333333333335 0.05625 0.0875
0 0.5296875 0.575 0.05625 0.1
0 0.53203125 0.675 0.0546875 0.09583333333333334
0 0.54375 0.7625 0.0625 0.1125