1 0.78671875 0.546875 0.1203125 0.10208333333333333
1 0.415625 0.5260416666666666 0.084375 0.08125
1 0.3984375 0.60625 0.090625 0.0875
1 0.38046875 0.6927083333333334 0.0984375 0.09375
1 0.47421875 0.6770833333333334 0.0953125 0.09583333333333334
0 0.275 0.44166666666666665 0.1 0.08333333333333333
0 0.5671875 0.70625 0.09375 0.075
0 0.5765625 0.7833333333333333 0.140625 0.1125
0 0.62265625 0.49583333333333335 0.0984375 0.075
0 0.48359375 0.5864583333333333 0.0828125 0.09375
2 0.46953125 0.784375 0.1015625 0.11458333333333333
2 0.6234375 0.6208333333333333 0.11875 0.09583333333333334
2 0.6796875 0.5614583333333333 0.115625 0.11041666666666666
2 0.64296875 0.4239583333333333 0.1140625 0.08541666666666667
2 0.5203125 0.39166666666666666 0.128125 0.09583333333333334
2 0.49375 0.4666666666666667 0.115625 0.09583333333333334