1 0.3671875 0.6739583333333333 0.109375 0.21458333333333332
1 0.32734375 0.38229166666666664 0.0859375 0.18958333333333333
1 0.60625 0.21666666666666667 0.08125 0.14583333333333334
2 0.53359375 0.32395833333333335 0.0859375 0.20625
2 0.50234375 0.6802083333333333 0.0609375 0.11458333333333333
2 0.43359375 0.5854166666666667 0.0703125 0.09166666666666666
0 0.24609375 0.38125 0.0984375 0.19583333333333333
0 0.4015625 0.353125 0.096875 0.16458333333333333
0 0.5125 0.41770833333333335 0.084375 0.17708333333333334
0 0.5359375 0.5916666666666667 0.071875 0.14583333333333334
0 0.440625 0.6645833333333333 0.075 0.14583333333333334