2 0.47265625 0.31666666666666665 0.0671875 0.09583333333333334
2 0.51953125 0.3645833333333333 0.0546875 0.0875
2 0.42890625 0.384375 0.0640625 0.08125
2 0.36328125 0.4864583333333333 0.0515625 0.08541666666666667
2 0.409375 0.6010416666666667 0.046875 0.09375
2 0.5328125 0.7385416666666667 0.065625 0.07291666666666667
1 0.35703125 0.371875 0.0578125 0.07708333333333334
1 0.621875 0.4552083333333333 0.059375 0.12291666666666666
1 0.54140625 0.5322916666666667 0.0671875 0.08125
1 0.53359375 0.6375 0.0640625 0.09166666666666666
1 0.5890625 0.6427083333333333 0.065625 0.11041666666666666
0 0.47578125 0.7010416666666667 0.0703125 0.11041666666666666
0 0.47265625 0.6260416666666667 0.0484375 0.08541666666666667
0 0.45859375 0.5270833333333333 0.0640625 0.09166666666666666
0 0.453125 0.4270833333333333 0.05 0.0875
0 0.58125 0.3489583333333333 0.040625 0.09791666666666667