0 0.8140625 0.678125 0.08125 0.09375
0 0.58984375 0.421875 0.0765625 0.10208333333333333
0 0.52578125 0.5010416666666667 0.0859375 0.09375
0 0.58515625 0.684375 0.0734375 0.11875
0 0.6953125 0.3333333333333333 0.0625 0.10416666666666667
1 0.3859375 0.49583333333333335 0.1 0.11666666666666667
1 0.453125 0.7427083333333333 0.071875 0.07291666666666667
1 0.65 0.6802083333333333 0.090625 0.12708333333333333
2 0.46875 0.46770833333333334 0.071875 0.09791666666666667
2 0.7375 0.690625 0.05625 0.11458333333333333
2 0.63671875 0.559375 0.0734375 0.10208333333333333
2 0.6625 0.359375 0.090625 0.10208333333333333