1 0.68984375 0.4895833333333333 0.1234375 0.12916666666666668
1 0.57578125 0.31354166666666666 0.0921875 0.13125
1 0.47421875 0.3489583333333333 0.0796875 0.11458333333333333
1 0.52421875 0.4479166666666667 0.0984375 0.12916666666666668
1 0.26484375 0.6708333333333333 0.0859375 0.10833333333333334
2 0.29375 0.4166666666666667 0.0875 0.09583333333333334
2 0.253125 0.5572916666666666 0.103125 0.10625
2 0.38046875 0.6302083333333334 0.0859375 0.09791666666666667
2 0.48125 0.6822916666666666 0.109375 0.11875
2 0.54765625 0.6239583333333333 0.0859375 0.08958333333333333
2 0.45078125 0.246875 0.0953125 0.08125
0 0.36953125 0.3020833333333333 0.0921875 0.11666666666666667
0 0.3875 0.378125 0.084375 0.08958333333333333
0 0.39453125 0.47291666666666665 0.0828125 0.09166666666666666
0 0.40859375 0.5802083333333333 0.0828125 0.11458333333333333
0 0.65 0.6072916666666667 0.0875 0.11041666666666666