0 0.43671875 0.503125 0.1078125 0.12291666666666666
0 0.525 0.6677083333333333 0.06875 0.08125
0 0.3796875 0.6625 0.0625 0.075
1 0.23984375 0.8635416666666667 0.1453125 0.11875
1 0.6578125 0.7739583333333333 0.11875 0.08958333333333333
1 0.77109375 0.765625 0.1078125 0.07291666666666667
1 0.2984375 0.6552083333333333 0.090625 0.09791666666666667
1 0.59765625 0.6625 0.1109375 0.1
1 0.49140625 0.5364583333333334 0.0859375 0.08958333333333333
2 0.45 0.6520833333333333 0.103125 0.09166666666666666
2 0.4078125 0.7125 0.103125 0.09166666666666666
2 0.3578125 0.478125 0.084375 0.10208333333333333
2 0.5453125 0.5270833333333333 0.0625 0.07916666666666666