1 0.6109375 0.19895833333333332 0.08125 0.09791666666666667
1 0.2828125 0.20833333333333334 0.065625 0.07083333333333333
1 0.353125 0.21458333333333332 0.071875 0.07916666666666666
1 0.36640625 0.33125 0.0671875 0.10833333333333334
1 0.53671875 0.384375 0.0609375 0.09791666666666667
1 0.40234375 0.475 0.0515625 0.06666666666666667
2 0.48671875 0.30625 0.0578125 0.07083333333333333
2 0.4484375 0.35 0.053125 0.08333333333333333
2 0.46484375 0.5375 0.0609375 0.09166666666666666
0 0.42578125 0.509375 0.0734375 0.10625
0 0.40625 0.3333333333333333 0.05 0.08333333333333333
2 0.36640625 0.471875 0.0328125 0.06458333333333334