0 0.12578125 0.7541666666666667 0.0859375 0.09583333333333334
0 0.440625 0.7177083333333333 0.103125 0.12708333333333333
0 0.45703125 0.49270833333333336 0.1078125 0.12291666666666666
0 0.33359375 0.42916666666666664 0.0984375 0.11666666666666667
0 0.16640625 0.375 0.0671875 0.12083333333333333
2 0.2296875 0.403125 0.1125 0.11875
2 0.525 0.446875 0.1 0.11041666666666666
1 0.64375 0.44375 0.128125 0.12916666666666668
1 0.64296875 0.7208333333333333 0.1078125 0.0875
1 0.6390625 0.6635416666666667 0.090625 0.06041666666666667
1 0.33984375 0.7145833333333333 0.1203125 0.1375
1 0.33515625 0.509375 0.0796875 0.07708333333333334
2 0.32578125 0.59375 0.1140625 0.1125