1 0.62109375 0.44583333333333336 0.0859375 0.16666666666666666
1 0.55859375 0.7760416666666666 0.0671875 0.09375
1 0.54609375 0.84375 0.0765625 0.1
1 0.3625 0.7104166666666667 0.0875 0.175
0 0.21953125 0.6791666666666667 0.0765625 0.1375
0 0.43125 0.74375 0.071875 0.1875
0 0.490625 0.4635416666666667 0.0625 0.14791666666666667
0 0.43515625 0.31145833333333334 0.0703125 0.14791666666666667
0 0.34296875 0.18229166666666666 0.0578125 0.13541666666666666
2 0.38125 0.23958333333333334 0.084375 0.1625
2 0.5484375 0.421875 0.065625 0.15208333333333332
2 0.3921875 0.5270833333333333 0.06875 0.14166666666666666
1 0.29140625 0.7052083333333333 0.0671875 0.11875