0 0.69296875 0.7291666666666666 0.0609375 0.07916666666666666
0 0.46328125 0.6677083333333333 0.0484375 0.10208333333333333
0 0.6 0.41354166666666664 0.040625 0.08958333333333333
0 0.4578125 0.5229166666666667 0.046875 0.0875
0 0.5125 0.4583333333333333 0.046875 0.07916666666666666
1 0.35546875 0.48020833333333335 0.0515625 0.09375
1 0.35234375 0.7541666666666667 0.0859375 0.075
1 0.61953125 0.8052083333333333 0.0859375 0.09791666666666667
1 0.62421875 0.7125 0.0515625 0.08333333333333333
1 0.50859375 0.65 0.0578125 0.09583333333333334
1 0.40390625 0.7041666666666667 0.0578125 0.041666666666666664
2 0.42109375 0.48333333333333334 0.0484375 0.075
2 0.5375 0.5802083333333333 0.05625 0.07708333333333334
2 0.559375 0.43645833333333334 0.053125 0.10625