2 0.4140625 0.271875 0.1125 0.16875
2 0.31328125 0.521875 0.1734375 0.23958333333333334
2 0.51328125 0.3958333333333333 0.0953125 0.1875
2 0.5375 0.8802083333333334 0.134375 0.18125
1 0.0859375 0.58125 0.16875 0.2625
1 0.7078125 0.33958333333333335 0.16875 0.25
1 0.6328125 0.75625 0.140625 0.23333333333333334
0 0.3109375 0.30520833333333336 0.109375 0.19375
0 0.59296875 0.31979166666666664 0.1234375 0.22291666666666668
0 0.49453125 0.7197916666666667 0.1328125 0.24375
0 0.72734375 0.85 0.1140625 0.22083333333333333