0 0.41171875 0.559375 0.1109375 0.16041666666666668
0 0.54609375 0.5052083333333334 0.0734375 0.17291666666666666
0 0.6 0.5791666666666667 0.103125 0.1375
0 0.45703125 0.2833333333333333 0.0984375 0.12916666666666668
0 0.61484375 0.15520833333333334 0.0796875 0.13958333333333334
1 0.68203125 0.078125 0.0796875 0.15208333333333332
1 0.73359375 0.153125 0.0859375 0.18541666666666667
1 0.68046875 0.29791666666666666 0.0796875 0.17916666666666667
1 0.63515625 0.3645833333333333 0.0765625 0.15416666666666667
1 0.41015625 0.4010416666666667 0.0984375 0.16041666666666668
2 0.40078125 0.16770833333333332 0.0953125 0.19375
2 0.4765625 0.125 0.090625 0.16666666666666666
2 0.54765625 0.07083333333333333 0.0796875 0.1375
2 0.57265625 0.3020833333333333 0.0640625 0.175
2 0.69921875 0.471875 0.0703125 0.16458333333333333
2 0.471875 0.7010416666666667 0.08125 0.16875