0 0.5984375 0.5447916666666667 0.09375 0.08125
0 0.48203125 0.5645833333333333 0.0734375 0.07083333333333333
0 0.36640625 0.41458333333333336 0.0859375 0.08333333333333333
0 0.50859375 0.703125 0.1046875 0.06875
0 0.484375 0.7677083333333333 0.10625 0.12291666666666666
1 0.24609375 0.4822916666666667 0.0984375 0.09791666666666667
1 0.3546875 0.6072916666666667 0.0875 0.08125
1 0.44921875 0.6604166666666667 0.0921875 0.08333333333333333
1 0.43671875 0.5052083333333334 0.0953125 0.08958333333333333
1 0.76796875 0.5072916666666667 0.0890625 0.09791666666666667
2 0.4859375 0.42083333333333334 0.084375 0.12083333333333333
2 0.56953125 0.4114583333333333 0.0859375 0.12708333333333333
2 0.6390625 0.49375 0.090625 0.09166666666666666
2 0.85 0.6791666666666667 0.078125 0.12083333333333333
2 0.603125 0.703125 0.06875 0.11458333333333333
2 0.39296875 0.7822916666666667 0.0921875 0.09791666666666667