2 0.38984375 0.40520833333333334 0.0953125 0.18541666666666667
2 0.4296875 0.634375 0.06875 0.12708333333333333
2 0.4921875 0.7333333333333333 0.0625 0.15
2 0.51875 0.340625 0.0625 0.10208333333333333
2 0.60625 0.29583333333333334 0.078125 0.16666666666666666
1 0.54765625 0.7739583333333333 0.0890625 0.16458333333333333
1 0.3609375 0.5447916666666667 0.0625 0.12708333333333333
0 0.50859375 0.4552083333333333 0.0859375 0.13958333333333334
0 0.28359375 0.41875 0.0859375 0.19583333333333333
0 0.42734375 0.39375 0.0609375 0.15833333333333333
0 0.54375 0.6802083333333333 0.084375 0.08958333333333333