2 0.409375 0.29791666666666666 0.084375 0.10833333333333334
2 0.46484375 0.44479166666666664 0.0671875 0.10208333333333333
2 0.61953125 0.39479166666666665 0.0828125 0.08958333333333333
1 0.31484375 0.6 0.0921875 0.0875
1 0.696875 0.6916666666666667 0.121875 0.10833333333333334
1 0.6953125 0.609375 0.090625 0.07708333333333334
1 0.74140625 0.584375 0.0859375 0.06875
1 0.39609375 0.5302083333333333 0.0828125 0.08958333333333333
1 0.67109375 0.421875 0.0984375 0.10625
0 0.4859375 0.3375 0.0625 0.0875
0 0.5484375 0.41458333333333336 0.06875 0.0875
0 0.48125 0.553125 0.08125 0.09375
0 0.33515625 0.490625 0.0734375 0.06875