0 0.59296875 0.4239583333333333 0.1015625 0.13958333333333334
0 0.62734375 0.14166666666666666 0.1109375 0.19166666666666668
0 0.95390625 0.10416666666666667 0.0921875 0.13333333333333333
0 0.7125 0.5260416666666666 0.084375 0.13958333333333334
0 0.8796875 0.61875 0.078125 0.15416666666666667
1 0.4015625 0.48854166666666665 0.115625 0.16875
1 0.73828125 0.134375 0.1171875 0.17708333333333334
1 0.4375 0.10416666666666667 0.10625 0.09583333333333334
1 0.42734375 0.165625 0.0984375 0.09375
2 0.72265625 0.421875 0.0921875 0.08958333333333333
2 0.7359375 0.3125 0.090625 0.15
2 0.81953125 0.5979166666666667 0.1171875 0.17916666666666667
2 0.51953125 0.48125 0.0890625 0.14583333333333334
2 0.846875 0.09479166666666666 0.0875 0.15625