0 0.83828125 0.24895833333333334 0.0671875 0.08125
0 0.59453125 0.3 0.0828125 0.12083333333333333
0 0.58671875 0.4822916666666667 0.0828125 0.08541666666666667
0 0.67734375 0.5416666666666666 0.0703125 0.10416666666666667
0 0.8109375 0.59375 0.05625 0.11666666666666667
2 0.75546875 0.271875 0.0765625 0.08541666666666667
2 0.6859375 0.4114583333333333 0.09375 0.08125
2 0.765625 0.58125 0.078125 0.10416666666666667
2 0.5421875 0.540625 0.09375 0.10208333333333333
1 0.45 0.29375 0.084375 0.06666666666666667
1 0.45234375 0.33958333333333335 0.0609375 0.05
1 0.45546875 0.565625 0.1140625 0.14375