0 0.4515625 0.3260416666666667 0.071875 0.10625
0 0.44765625 0.4 0.0734375 0.07916666666666666
0 0.3984375 0.50625 0.06875 0.08333333333333333
0 0.49296875 0.5947916666666667 0.0796875 0.06458333333333334
0 0.26015625 0.634375 0.0703125 0.09375
1 0.32890625 0.40625 0.0703125 0.075
1 0.38984375 0.42083333333333334 0.0734375 0.07916666666666666
1 0.3375 0.48020833333333335 0.059375 0.09791666666666667
1 0.3453125 0.5510416666666667 0.075 0.07291666666666667
1 0.5890625 0.5541666666666667 0.075 0.0875
2 0.3859375 0.31875 0.084375 0.10833333333333334
2 0.48828125 0.48125 0.0765625 0.07083333333333333
2 0.521875 0.5302083333333333 0.075 0.07708333333333334
2 0.39453125 0.6177083333333333 0.0734375 0.07708333333333334
2 0.41796875 0.6760416666666667 0.0765625 0.08125
2 0.490625 0.6583333333333333 0.065625 0.0875