0 0.73984375 0.5458333333333333 0.1046875 0.1125
0 0.82734375 0.26875 0.1109375 0.09166666666666666
0 0.44296875 0.2760416666666667 0.1140625 0.11041666666666666
0 0.4078125 0.4166666666666667 0.109375 0.08333333333333333
1 0.5484375 0.25833333333333336 0.121875 0.1
1 0.7265625 0.16145833333333334 0.125 0.12291666666666666
1 0.165625 0.21770833333333334 0.109375 0.09375
2 0.17421875 0.45729166666666665 0.1296875 0.11875
2 0.31796875 0.465625 0.1046875 0.11458333333333333
2 0.58203125 0.36770833333333336 0.1046875 0.10625
2 0.64921875 0.50625 0.1296875 0.12083333333333333
1 0.709375 0.275 0.1 0.10833333333333334
0 0.55 0.49583333333333335 0.1125 0.09583333333333334
1 0.25625 0.275 0.103125 0.05416666666666667
1 0.2546875 0.31875 0.11875 0.05