0 0.715625 0.265625 0.096875 0.10208333333333333
0 0.42109375 0.3927083333333333 0.0921875 0.09791666666666667
0 0.41328125 0.5135416666666667 0.0765625 0.08125
0 0.50234375 0.5541666666666667 0.0578125 0.07083333333333333
0 0.62109375 0.5708333333333333 0.0703125 0.07916666666666666
1 0.17890625 0.28854166666666664 0.0953125 0.08125
1 0.2546875 0.30416666666666664 0.084375 0.058333333333333334
1 0.6234375 0.24479166666666666 0.10625 0.09375
1 0.48984375 0.4125 0.0828125 0.0875
1 0.2859375 0.5708333333333333 0.078125 0.09166666666666666
2 0.3640625 0.540625 0.0625 0.08958333333333333
2 0.56640625 0.5864583333333333 0.0671875 0.07291666666666667