2 0.6734375 0.515625 0.059375 0.14791666666666667
2 0.428125 0.40208333333333335 0.096875 0.12916666666666668
2 0.4234375 0.31875 0.084375 0.12083333333333333
2 0.4234375 0.04791666666666667 0.1 0.09166666666666666
2 0.49921875 0.041666666666666664 0.0671875 0.07916666666666666
2 0.61328125 0.2864583333333333 0.0671875 0.16875
2 0.69296875 0.05520833333333333 0.0671875 0.10625
0 0.53828125 0.12916666666666668 0.0890625 0.14583333333333334
0 0.7390625 0.5760416666666667 0.0625 0.14375
0 0.52578125 0.475 0.0640625 0.19166666666666668
0 0.6203125 0.052083333333333336 0.05625 0.09583333333333334
1 0.5890625 0.525 0.11875 0.20416666666666666
1 0.66484375 0.8041666666666667 0.1015625 0.1875
1 0.3609375 0.540625 0.109375 0.15625
1 0.63125 0.13020833333333334 0.06875 0.11041666666666666