0 0.453125 0.7145833333333333 0.071875 0.0625
0 0.44765625 0.7979166666666667 0.0484375 0.12083333333333333
0 0.40859375 0.5791666666666667 0.0546875 0.08333333333333333
0 0.46953125 0.5135416666666667 0.0484375 0.07708333333333334
0 0.30625 0.459375 0.065625 0.07708333333333334
2 0.36953125 0.4322916666666667 0.0546875 0.09791666666666667
2 0.42265625 0.39895833333333336 0.0421875 0.07708333333333334
2 0.478125 0.45416666666666666 0.05625 0.0875
2 0.63359375 0.5645833333333333 0.0734375 0.09583333333333334
2 0.509375 0.684375 0.075 0.12291666666666666
2 0.4078125 0.8375 0.065625 0.0875
1 0.559375 0.428125 0.059375 0.07708333333333334
1 0.36328125 0.5395833333333333 0.0515625 0.0875
1 0.2625 0.5916666666666667 0.08125 0.125
1 0.33984375 0.66875 0.0640625 0.10416666666666667
1 0.4 0.6864583333333333 0.06875 0.08125