0 0.8578125 0.29583333333333334 0.103125 0.11666666666666667
0 0.47265625 0.27708333333333335 0.1078125 0.125
0 0.4296875 0.43333333333333335 0.125 0.09166666666666666
0 0.56015625 0.49895833333333334 0.1140625 0.11041666666666666
0 0.7421875 0.5697916666666667 0.11875 0.11458333333333333
1 0.203125 0.45729166666666665 0.14375 0.14375
1 0.7671875 0.18645833333333334 0.13125 0.11041666666666666
1 0.5828125 0.275 0.121875 0.10416666666666667
1 0.73125 0.30104166666666665 0.084375 0.09791666666666667
1 0.2109375 0.21145833333333333 0.121875 0.08125
1 0.29296875 0.2760416666666667 0.1015625 0.06875
1 0.29296875 0.32395833333333335 0.0859375 0.07708333333333334
2 0.3453125 0.4708333333333333 0.09375 0.11666666666666667
2 0.66796875 0.5270833333333333 0.1359375 0.13333333333333333
2 0.59375 0.39166666666666666 0.10625 0.1