1 0.30390625 0.4791666666666667 0.0703125 0.11666666666666667
1 0.4203125 0.4395833333333333 0.08125 0.1125
1 0.38203125 0.31354166666666666 0.0703125 0.11458333333333333
1 0.446875 0.32708333333333334 0.084375 0.09583333333333334
1 0.621875 0.6302083333333334 0.08125 0.11041666666666666
2 0.5953125 0.39791666666666664 0.06875 0.10833333333333334
2 0.63671875 0.5177083333333333 0.0765625 0.10625
2 0.5375 0.6104166666666667 0.078125 0.07083333333333333
2 0.40859375 0.6 0.0703125 0.06666666666666667
2 0.46015625 0.6489583333333333 0.0734375 0.09375
2 0.4671875 0.240625 0.0875 0.08958333333333333
0 0.5296875 0.29375 0.05625 0.1125
0 0.525 0.36770833333333336 0.0625 0.08541666666666667
0 0.515625 0.4583333333333333 0.071875 0.09583333333333334
0 0.51328125 0.553125 0.0546875 0.06875
0 0.33984375 0.5958333333333333 0.0796875 0.09166666666666666