1 0.5921875 0.7447916666666666 0.084375 0.09375
1 0.3546875 0.9239583333333333 0.1 0.13958333333333334
1 0.325 0.7729166666666667 0.0625 0.10833333333333334
1 0.5328125 0.6791666666666667 0.059375 0.09583333333333334
1 0.425 0.6208333333333333 0.0625 0.15416666666666667
1 0.55078125 0.23958333333333334 0.0671875 0.1375
2 0.38828125 0.5041666666666667 0.0578125 0.13333333333333333
2 0.3484375 0.23229166666666667 0.05625 0.15208333333333332
2 0.4859375 0.29270833333333335 0.065625 0.11041666666666666
0 0.25859375 0.8166666666666667 0.0578125 0.125
0 0.4640625 0.6291666666666667 0.05625 0.17083333333333334
0 0.2984375 0.22708333333333333 0.071875 0.15416666666666667
0 0.39375 0.2708333333333333 0.05 0.12916666666666668
0 0.46015625 0.3614583333333333 0.0515625 0.12291666666666666