0 0.61171875 0.6197916666666666 0.0984375 0.16458333333333333
0 0.67421875 0.3458333333333333 0.0703125 0.15
0 0.54296875 0.35520833333333335 0.0609375 0.10625
1 0.41953125 0.07083333333333333 0.1234375 0.125
1 0.4828125 0.38958333333333334 0.078125 0.12083333333333333
1 0.72421875 0.346875 0.0890625 0.15625
1 0.76875 0.15833333333333333 0.09375 0.1
1 0.86015625 0.14583333333333334 0.0921875 0.10833333333333334
2 0.56484375 0.2791666666666667 0.0796875 0.11666666666666667
2 0.6015625 0.36354166666666665 0.09375 0.13125
2 0.55703125 0.6645833333333333 0.0734375 0.175
2 0.7015625 0.5833333333333334 0.053125 0.1125
1 0.659375 0.58125 0.078125 0.15