1 0.559375 0.31354166666666666 0.1125 0.16875
1 0.20234375 0.27395833333333336 0.0890625 0.12708333333333333
1 0.28359375 0.3260416666666667 0.0890625 0.15625
1 0.28359375 0.59375 0.0796875 0.2
1 0.46484375 0.746875 0.0640625 0.20208333333333334
2 0.41640625 0.56875 0.0765625 0.17916666666666667
2 0.378125 0.6708333333333333 0.065625 0.18333333333333332
0 0.3359375 0.6125 0.05 0.17916666666666667
0 0.34140625 0.9541666666666667 0.0703125 0.09166666666666666
2 0.28203125 0.9354166666666667 0.0515625 0.12916666666666668
1 0.3171875 0.9291666666666667 0.053125 0.12083333333333333