2 0.60078125 0.4791666666666667 0.0546875 0.1375
2 0.46875 0.2791666666666667 0.05625 0.10416666666666667
2 0.6296875 0.171875 0.078125 0.12708333333333333
1 0.36640625 0.8041666666666667 0.1046875 0.14166666666666666
1 0.43984375 0.7208333333333333 0.0796875 0.09166666666666666
1 0.440625 0.6614583333333334 0.053125 0.08958333333333333
1 0.6953125 0.7520833333333333 0.08125 0.13333333333333333
1 0.690625 0.921875 0.084375 0.15208333333333332
1 0.56484375 0.61875 0.0765625 0.16666666666666666
1 0.3890625 0.2708333333333333 0.075 0.15416666666666667
1 0.61796875 0.39166666666666666 0.0578125 0.10833333333333334
0 0.6828125 0.165625 0.06875 0.16458333333333333
0 0.575 0.246875 0.06875 0.15625
0 0.50546875 0.3458333333333333 0.0734375 0.12083333333333333
0 0.5171875 0.6416666666666667 0.05 0.15833333333333333
0 0.775 0.7802083333333333 0.090625 0.13541666666666666