0 0.54296875 0.26458333333333334 0.1328125 0.09583333333333334
0 0.4265625 0.28541666666666665 0.1375 0.125
0 0.20078125 0.20208333333333334 0.1953125 0.1125
0 0.1796875 0.36770833333333336 0.159375 0.08958333333333333
0 0.4328125 0.496875 0.1375 0.10625
2 0.34921875 0.16041666666666668 0.1328125 0.16666666666666666
2 0.7140625 0.37083333333333335 0.140625 0.125
2 0.40390625 0.39479166666666665 0.1734375 0.12708333333333333
2 0.26640625 0.5270833333333333 0.1671875 0.09583333333333334
2 0.1828125 0.45625 0.18125 0.10416666666666667
2 0.05 0.396875 0.096875 0.10208333333333333
1 0.13984375 0.2875 0.1578125 0.10416666666666667
1 0.53203125 0.39166666666666666 0.1234375 0.10833333333333334
1 0.6109375 0.4479166666666667 0.14375 0.1125
1 0.66640625 0.55 0.1453125 0.1125
1 0.53203125 0.58125 0.1328125 0.125