1 0.3234375 0.646875 0.065625 0.14375
1 0.203125 0.8520833333333333 0.071875 0.10833333333333334
1 0.28046875 0.8541666666666666 0.0640625 0.1
1 0.54296875 0.9739583333333334 0.0765625 0.052083333333333336
1 0.51640625 0.65 0.0640625 0.15
1 0.39140625 0.4125 0.0484375 0.1375
0 0.42890625 0.371875 0.0765625 0.19375
0 0.3671875 0.6635416666666667 0.040625 0.14375
2 0.421875 0.65625 0.059375 0.12916666666666668
2 0.44375 0.7572916666666667 0.05625 0.13958333333333334
2 0.4703125 0.34270833333333334 0.059375 0.16875
2 0.353125 0.40520833333333334 0.046875 0.11875