0 0.5234375 0.33645833333333336 0.05 0.13125
0 0.53046875 0.43020833333333336 0.0765625 0.08958333333333333
0 0.53515625 0.5322916666666667 0.0859375 0.10625
0 0.54375 0.646875 0.06875 0.09375
0 0.70390625 0.6885416666666667 0.0609375 0.09791666666666667
1 0.59375 0.39166666666666666 0.059375 0.10833333333333334
1 0.65703125 0.3697916666666667 0.0609375 0.13125
1 0.621875 0.5072916666666667 0.06875 0.10625
1 0.7328125 0.5583333333333333 0.059375 0.125
1 0.440625 0.740625 0.084375 0.08958333333333333
2 0.43515625 0.6197916666666666 0.0671875 0.11458333333333333
2 0.5265625 0.7072916666666667 0.078125 0.08541666666666667
2 0.5859375 0.7635416666666667 0.071875 0.11875
2 0.63515625 0.6864583333333333 0.0890625 0.09791666666666667
2 0.471875 0.4822916666666667 0.065625 0.12708333333333333
2 0.5796875 0.2833333333333333 0.08125 0.0875