1 0.30859375 0.4510416666666667 0.0765625 0.12291666666666666
1 0.42421875 0.45208333333333334 0.0703125 0.10833333333333334
1 0.409375 0.315625 0.059375 0.09375
1 0.465625 0.35833333333333334 0.059375 0.10833333333333334
2 0.49375 0.28541666666666665 0.0625 0.0875
2 0.56875 0.465625 0.078125 0.09791666666666667
2 0.5734375 0.5916666666666667 0.078125 0.1
2 0.5453125 0.690625 0.06875 0.08958333333333333
2 0.48046875 0.634375 0.0546875 0.06875
2 0.409375 0.671875 0.084375 0.08541666666666667
2 0.38359375 0.596875 0.0515625 0.08541666666666667
0 0.31953125 0.578125 0.0515625 0.06458333333333334
0 0.4671875 0.5802083333333333 0.05625 0.08125
0 0.49453125 0.49895833333333334 0.0484375 0.09375
0 0.51171875 0.4125 0.0546875 0.0875
0 0.53203125 0.3385416666666667 0.0578125 0.09791666666666667