0 0.2390625 0.4864583333333333 0.05625 0.09791666666666667
0 0.2140625 0.840625 0.075 0.07708333333333334
0 0.4703125 0.7802083333333333 0.084375 0.11875
0 0.48125 0.5895833333333333 0.103125 0.1
0 0.37421875 0.528125 0.0796875 0.08958333333333333
2 0.29296875 0.5 0.0859375 0.10833333333333334
2 0.53046875 0.5395833333333333 0.0671875 0.1
2 0.38203125 0.6708333333333333 0.0953125 0.0875
1 0.3703125 0.5947916666666667 0.078125 0.07291666666666667
1 0.38984375 0.7927083333333333 0.1265625 0.13541666666666666
1 0.30703125 0.83125 0.0734375 0.0875
1 0.64375 0.7916666666666666 0.096875 0.07083333333333333
1 0.63203125 0.7447916666666666 0.0640625 0.04375
1 0.625 0.5270833333333333 0.115625 0.12916666666666668