1 0.65234375 0.22291666666666668 0.0828125 0.15
1 0.33046875 0.5041666666666667 0.0984375 0.2
1 0.4421875 0.6114583333333333 0.09375 0.16041666666666668
1 0.41171875 0.8770833333333333 0.0640625 0.18333333333333332
1 0.48359375 0.8364583333333333 0.0703125 0.19375
0 0.36796875 0.278125 0.0703125 0.15208333333333332
0 0.54140625 0.3697916666666667 0.0703125 0.15208333333333332
0 0.54609375 0.5864583333333333 0.0765625 0.14791666666666667
0 0.54609375 0.76875 0.0796875 0.1375
0 0.55625 0.909375 0.071875 0.18125
2 0.61328125 0.6875 0.0828125 0.19166666666666668
2 0.6609375 0.446875 0.078125 0.19375
2 0.56171875 0.2708333333333333 0.0890625 0.125
2 0.4953125 0.16041666666666668 0.06875 0.15416666666666667
2 0.44765625 0.271875 0.0765625 0.13125