1 0.39609375 0.23854166666666668 0.0734375 0.12291666666666666
1 0.4421875 0.325 0.0625 0.0875
1 0.440625 0.38958333333333334 0.05625 0.07083333333333333
1 0.5328125 0.4197916666666667 0.053125 0.17291666666666666
1 0.61484375 0.11041666666666666 0.0609375 0.14583333333333334
1 0.62265625 0.284375 0.0609375 0.13541666666666666
0 0.678125 0.259375 0.059375 0.13125
0 0.49609375 0.403125 0.0484375 0.16041666666666668
0 0.48984375 0.7020833333333333 0.0515625 0.13333333333333333
0 0.54140625 0.8114583333333333 0.0484375 0.13125
0 0.621875 0.8989583333333333 0.05 0.16458333333333333
2 0.55625 0.5677083333333334 0.040625 0.15208333333333332
2 0.58203125 0.8645833333333334 0.0453125 0.18333333333333332
2 0.4046875 0.80625 0.046875 0.175
2 0.46484375 0.7802083333333333 0.0453125 0.13958333333333334