2 0.3421875 0.5197916666666667 0.065625 0.17708333333333334
2 0.42109375 0.5927083333333333 0.0796875 0.15208333333333332
2 0.46171875 0.7135416666666666 0.0828125 0.18958333333333333
2 0.5140625 0.4708333333333333 0.059375 0.15833333333333333
2 0.6421875 0.37395833333333334 0.05625 0.15625
2 0.46875 0.059375 0.06875 0.11458333333333333
0 0.4 0.125 0.10625 0.14166666666666666
0 0.56640625 0.20520833333333333 0.1109375 0.13541666666666666
0 0.51328125 0.2625 0.0828125 0.17083333333333334
0 0.4109375 0.42916666666666664 0.078125 0.12916666666666668
0 0.53359375 0.6427083333333333 0.0640625 0.16041666666666668
1 0.3875 0.290625 0.084375 0.15625
1 0.56875 0.440625 0.059375 0.16458333333333333
1 0.6109375 0.5302083333333333 0.0625 0.19791666666666666
1 0.584375 0.7708333333333334 0.06875 0.19166666666666668
1 0.64296875 0.7135416666666666 0.0703125 0.18541666666666667