0 0.721875 0.3625 0.05625 0.05416666666666667
0 0.52265625 0.4979166666666667 0.0515625 0.075
0 0.53515625 0.6052083333333333 0.0609375 0.06458333333333334
0 0.596875 0.6333333333333333 0.04375 0.075
0 0.6875 0.6322916666666667 0.046875 0.05625
1 0.6484375 0.365625 0.059375 0.06041666666666667
1 0.39765625 0.42604166666666665 0.0734375 0.06041666666666667
1 0.33828125 0.42916666666666664 0.0640625 0.06666666666666667
1 0.5765625 0.5177083333333333 0.05625 0.07708333333333334
1 0.44375 0.665625 0.06875 0.06041666666666667
2 0.50078125 0.6322916666666667 0.0546875 0.06041666666666667
2 0.65703125 0.6572916666666667 0.0578125 0.08125