1 0.66328125 0.42604166666666665 0.1203125 0.17708333333333334
1 0.5796875 0.8208333333333333 0.128125 0.10416666666666667
1 0.59140625 0.7489583333333333 0.0953125 0.08958333333333333
1 0.2515625 0.7458333333333333 0.125 0.1875
1 0.28828125 0.45416666666666666 0.1046875 0.07916666666666666
1 0.13125 0.7541666666666667 0.071875 0.1375
0 0.03046875 0.75 0.0578125 0.10416666666666667
0 0.365625 0.7614583333333333 0.121875 0.18541666666666667
0 0.44453125 0.4739583333333333 0.1078125 0.11875
0 0.31875 0.34270833333333334 0.090625 0.13125
0 0.15078125 0.234375 0.0828125 0.16041666666666668
2 0.21015625 0.275 0.1140625 0.1625
2 0.5265625 0.4125 0.103125 0.14583333333333334
2 0.27890625 0.571875 0.1140625 0.14375