2 0.3109375 0.36041666666666666 0.065625 0.1125
2 0.4640625 0.46875 0.06875 0.10416666666666667
2 0.29375 0.603125 0.090625 0.13958333333333334
1 0.2234375 0.225 0.05 0.09166666666666666
1 0.48828125 0.14791666666666667 0.0734375 0.07083333333333333
1 0.4984375 0.20104166666666667 0.075 0.08541666666666667
1 0.29140625 0.22916666666666666 0.0890625 0.13333333333333333
2 0.54140625 0.4510416666666667 0.0765625 0.13125
0 0.41328125 0.42916666666666664 0.0765625 0.125
0 0.3609375 0.21458333333333332 0.08125 0.14583333333333334
0 0.15 0.24479166666666666 0.06875 0.10208333333333333
0 0.2609375 0.6385416666666667 0.053125 0.11458333333333333
0 0.35390625 0.540625 0.0640625 0.12291666666666666