0 0.71328125 0.703125 0.0546875 0.08125
0 0.5171875 0.6125 0.075 0.13333333333333333
0 0.49375 0.43333333333333335 0.05625 0.10416666666666667
0 0.53515625 0.35 0.0515625 0.11666666666666667
0 0.60390625 0.2916666666666667 0.0546875 0.1125
1 0.41328125 0.39166666666666666 0.0671875 0.10416666666666667
1 0.40546875 0.8322916666666667 0.0515625 0.09375
1 0.45 0.7895833333333333 0.0625 0.08333333333333333
1 0.66875 0.7635416666666667 0.06875 0.11041666666666666
1 0.55859375 0.5395833333333333 0.0734375 0.1
2 0.45859375 0.41041666666666665 0.0421875 0.1
2 0.5609375 0.2833333333333333 0.053125 0.075