0 0.62421875 0.434375 0.0640625 0.08958333333333333
0 0.46171875 0.5875 0.0578125 0.07916666666666666
0 0.54609375 0.6291666666666667 0.0390625 0.09583333333333334
0 0.53671875 0.7614583333333333 0.0671875 0.07291666666666667
0 0.5453125 0.8416666666666667 0.075 0.10833333333333334
2 0.4921875 0.45729166666666665 0.06875 0.08125
2 0.44296875 0.5208333333333334 0.0640625 0.0875
2 0.52265625 0.5239583333333333 0.0578125 0.08958333333333333
2 0.45234375 0.665625 0.0640625 0.08125
2 0.48671875 0.7020833333333333 0.0546875 0.10833333333333334
2 0.5921875 0.8177083333333334 0.05 0.09375
1 0.39765625 0.675 0.0671875 0.10416666666666667
1 0.56640625 0.55625 0.0546875 0.0875
1 0.596875 0.625 0.0625 0.09583333333333334
1 0.565625 0.71875 0.059375 0.10416666666666667
1 0.6171875 0.7020833333333333 0.065625 0.08333333333333333