1 0.303125 0.4010416666666667 0.1 0.11458333333333333
1 0.38125 0.365625 0.084375 0.12708333333333333
1 0.34140625 0.5166666666666667 0.1078125 0.12916666666666668
1 0.40234375 0.584375 0.0890625 0.11875
1 0.678125 0.68125 0.10625 0.10833333333333334
2 0.56015625 0.853125 0.1421875 0.15625
2 0.7359375 0.53125 0.103125 0.14583333333333334
2 0.559375 0.40625 0.121875 0.125
2 0.625 0.4791666666666667 0.125 0.1
2 0.4859375 0.5666666666666667 0.1 0.125
2 0.28515625 0.6239583333333333 0.0953125 0.12708333333333333
0 0.4078125 0.7385416666666667 0.0875 0.10625
0 0.48046875 0.6979166666666666 0.0859375 0.12916666666666668
0 0.63359375 0.5927083333333333 0.1140625 0.09791666666666667
0 0.6484375 0.7916666666666666 0.134375 0.10833333333333334
0 0.45234375 0.44166666666666665 0.0953125 0.11666666666666667