0 0.2984375 0.25833333333333336 0.065625 0.13333333333333333
0 0.2484375 0.6104166666666667 0.0625 0.0875
0 0.446875 0.6135416666666667 0.0625 0.11875
0 0.4671875 0.4270833333333333 0.065625 0.0875
0 0.39921875 0.346875 0.0546875 0.08125
2 0.340625 0.31875 0.08125 0.11666666666666667
2 0.38359375 0.496875 0.0765625 0.09375
1 0.315625 0.5979166666666667 0.05 0.07916666666666666
1 0.296875 0.7427083333333333 0.08125 0.11041666666666666
1 0.390625 0.6375 0.075 0.1
1 0.5921875 0.6947916666666667 0.0875 0.10208333333333333
1 0.54453125 0.615625 0.0609375 0.06458333333333334
1 0.540625 0.5552083333333333 0.046875 0.052083333333333336
2 0.5140625 0.37604166666666666 0.0625 0.10208333333333333
2 0.590625 0.39166666666666666 0.090625 0.1125