0 0.51796875 0.4979166666666667 0.1015625 0.11666666666666667
0 0.4109375 0.30833333333333335 0.140625 0.1875
0 0.071875 0.353125 0.10625 0.11041666666666666
1 0.18984375 0.33645833333333336 0.0890625 0.11458333333333333
1 0.29921875 0.32083333333333336 0.1234375 0.13333333333333333
1 0.6046875 0.22291666666666668 0.10625 0.0875
1 0.6265625 0.28020833333333334 0.08125 0.06875
2 0.33515625 0.66875 0.1203125 0.125
2 0.61015625 0.5333333333333333 0.0859375 0.10833333333333334
2 0.34609375 0.453125 0.0890625 0.08541666666666667
0 0.4203125 0.6020833333333333 0.10625 0.10416666666666667
0 0.271875 0.709375 0.0875 0.10625