2 0.5234375 0.371875 0.0875 0.08958333333333333
2 0.5984375 0.32916666666666666 0.10625 0.07916666666666666
2 0.69375 0.3802083333333333 0.096875 0.06875
2 0.8265625 0.4625 0.084375 0.08333333333333333
2 0.7484375 0.5697916666666667 0.084375 0.09375
2 0.553125 0.6979166666666666 0.103125 0.08333333333333333
1 0.34921875 0.4635416666666667 0.1203125 0.08541666666666667
1 0.51171875 0.5166666666666667 0.0921875 0.075
1 0.4421875 0.6270833333333333 0.090625 0.09583333333333334
1 0.54765625 0.6125 0.1109375 0.08333333333333333
1 0.82734375 0.365625 0.1015625 0.07291666666666667
0 0.415625 0.36875 0.0875 0.08333333333333333
0 0.66015625 0.43125 0.0859375 0.08333333333333333
0 0.6515625 0.515625 0.1 0.06875
0 0.64453125 0.59375 0.1015625 0.06666666666666667
0 0.6421875 0.665625 0.09375 0.09375