0 0.3109375 0.396875 0.04375 0.06041666666666667
0 0.453125 0.55 0.05 0.06666666666666667
0 0.33125 0.7020833333333333 0.04375 0.075
0 0.39140625 0.6958333333333333 0.0421875 0.07083333333333333
0 0.44296875 0.6677083333333333 0.0484375 0.06041666666666667
1 0.3640625 0.38958333333333334 0.05625 0.07083333333333333
1 0.58984375 0.47291666666666665 0.0421875 0.05416666666666667
1 0.5421875 0.47708333333333336 0.04375 0.075
1 0.41796875 0.5677083333333334 0.0421875 0.07708333333333334
2 0.46484375 0.703125 0.0359375 0.08541666666666667
2 0.5015625 0.7270833333333333 0.05 0.07916666666666666
2 0.3578125 0.71875 0.034375 0.06666666666666667