1 0.1984375 0.45729166666666665 0.103125 0.12291666666666666
1 0.4828125 0.290625 0.0875 0.11041666666666666
1 0.5734375 0.27291666666666664 0.1 0.0875
1 0.5640625 0.371875 0.121875 0.09791666666666667
1 0.54453125 0.4625 0.0953125 0.09166666666666666
2 0.346875 0.35625 0.103125 0.10416666666666667
2 0.2921875 0.42291666666666666 0.10625 0.0875
2 0.3265625 0.5885416666666666 0.090625 0.08958333333333333
2 0.4734375 0.5291666666666667 0.103125 0.10416666666666667
2 0.45078125 0.61875 0.1328125 0.09583333333333334
2 0.5 0.16458333333333333 0.10625 0.10833333333333334
0 0.3859375 0.17604166666666668 0.103125 0.11875
0 0.40625 0.25833333333333336 0.10625 0.075
0 0.47890625 0.39375 0.0828125 0.09583333333333334
0 0.67890625 0.571875 0.1015625 0.11458333333333333
0 0.34453125 0.4979166666666667 0.0953125 0.08333333333333333