2 0.54921875 0.5479166666666667 0.0546875 0.1
2 0.4203125 0.46041666666666664 0.053125 0.07083333333333333
2 0.559375 0.3958333333333333 0.053125 0.09166666666666666
1 0.35390625 0.46458333333333335 0.0640625 0.09166666666666666
1 0.37265625 0.7427083333333333 0.0703125 0.05625
1 0.6515625 0.7552083333333334 0.071875 0.08541666666666667
1 0.6515625 0.6729166666666667 0.053125 0.07916666666666666
1 0.41953125 0.6864583333333333 0.0546875 0.04791666666666667
1 0.5265625 0.6270833333333333 0.065625 0.0875
0 0.59921875 0.37604166666666666 0.0765625 0.09791666666666667
0 0.71953125 0.6729166666666667 0.0609375 0.07083333333333333
0 0.4859375 0.6375 0.053125 0.09166666666666666
0 0.46015625 0.4875 0.0484375 0.08333333333333333
0 0.51015625 0.43020833333333336 0.0546875 0.08541666666666667