1 0.36328125 0.54375 0.0671875 0.09583333333333334
1 0.615625 0.5427083333333333 0.06875 0.08125
1 0.628125 0.46458333333333335 0.084375 0.07916666666666666
1 0.63203125 0.3854166666666667 0.0734375 0.07916666666666666
1 0.571875 0.40208333333333335 0.071875 0.10416666666666667
2 0.571875 0.3020833333333333 0.075 0.10833333333333334
2 0.4765625 0.4666666666666667 0.084375 0.09166666666666666
2 0.4390625 0.5239583333333333 0.103125 0.08958333333333333
2 0.4640625 0.665625 0.078125 0.08958333333333333
2 0.55390625 0.6854166666666667 0.0921875 0.07916666666666666
2 0.5703125 0.615625 0.075 0.09375
0 0.4765625 0.5885416666666666 0.090625 0.09791666666666667
0 0.56171875 0.5010416666666667 0.0609375 0.10625
0 0.51171875 0.3770833333333333 0.0640625 0.07083333333333333
0 0.503125 0.29375 0.071875 0.1125
0 0.7140625 0.6385416666666667 0.059375 0.09375