2 0.3703125 0.5260416666666666 0.08125 0.10625
2 0.46484375 0.5416666666666666 0.0859375 0.1
2 0.53359375 0.5864583333333333 0.0765625 0.11458333333333333
2 0.5546875 0.4354166666666667 0.06875 0.10416666666666667
2 0.68828125 0.325 0.0734375 0.10833333333333334
2 0.44140625 0.22604166666666667 0.0734375 0.10208333333333333
0 0.3875 0.30625 0.115625 0.09166666666666666
0 0.4375 0.45416666666666666 0.0875 0.0875
0 0.52734375 0.3177083333333333 0.0734375 0.09791666666666667
0 0.57421875 0.28020833333333334 0.0828125 0.06875
0 0.6078125 0.509375 0.075 0.08958333333333333
1 0.3875 0.3927083333333333 0.078125 0.08958333333333333
1 0.61484375 0.403125 0.0609375 0.09791666666666667
1 0.6703125 0.4375 0.084375 0.11666666666666667
1 0.73515625 0.5177083333333333 0.0953125 0.11041666666666666
1 0.6796875 0.5677083333333334 0.090625 0.11458333333333333