1 0.41484375 0.73125 0.0984375 0.1
1 0.4765625 0.5197916666666667 0.071875 0.08541666666666667
1 0.70859375 0.5375 0.0859375 0.1125
1 0.746875 0.6583333333333333 0.09375 0.0875
1 0.83984375 0.671875 0.0921875 0.08541666666666667
0 0.596875 0.35833333333333334 0.08125 0.12916666666666668
2 0.59453125 0.534375 0.0765625 0.09375
2 0.55859375 0.584375 0.0796875 0.08541666666666667
2 0.546875 0.34479166666666666 0.065625 0.10625
0 0.53359375 0.5239583333333333 0.0484375 0.06875
0 0.65078125 0.5375 0.0578125 0.1
2 0.68203125 0.38645833333333335 0.0546875 0.08541666666666667