1 0.478125 0.26875 0.053125 0.07916666666666666
1 0.72578125 0.3333333333333333 0.0796875 0.0875
1 0.66875 0.38645833333333335 0.053125 0.06458333333333334
1 0.50859375 0.4979166666666667 0.0640625 0.07083333333333333
1 0.48671875 0.3458333333333333 0.0640625 0.058333333333333334
1 0.4609375 0.36875 0.0625 0.05416666666666667
0 0.6171875 0.384375 0.053125 0.07291666666666667
0 0.709375 0.4166666666666667 0.065625 0.06666666666666667
0 0.58359375 0.496875 0.0484375 0.06041666666666667
0 0.62734375 0.5604166666666667 0.0390625 0.0625
2 0.671875 0.5927083333333333 0.05625 0.08541666666666667
2 0.63671875 0.47604166666666664 0.0546875 0.07291666666666667
2 0.55234375 0.5302083333333333 0.0484375 0.06458333333333334