0 0.5453125 0.290625 0.0875 0.10208333333333333
0 0.54609375 0.36354166666666665 0.0953125 0.08125
0 0.5640625 0.446875 0.10625 0.08958333333333333
0 0.5609375 0.5354166666666667 0.09375 0.07916666666666666
0 0.2953125 0.6052083333333333 0.109375 0.08958333333333333
1 0.3171875 0.321875 0.1 0.09791666666666667
1 0.221875 0.503125 0.109375 0.11875
1 0.396875 0.440625 0.09375 0.08541666666666667
1 0.43125 0.3416666666666667 0.096875 0.09166666666666666
1 0.75078125 0.596875 0.1109375 0.08541666666666667
2 0.44140625 0.24583333333333332 0.1109375 0.09166666666666666
2 0.6578125 0.3770833333333333 0.1 0.1125
2 0.75390625 0.49166666666666664 0.1046875 0.10833333333333334
2 0.609375 0.5802083333333333 0.103125 0.08541666666666667
2 0.41484375 0.5947916666666667 0.1015625 0.08958333333333333
2 0.50859375 0.6395833333333333 0.1234375 0.10833333333333334