0 0.660000 0.553000 0.150000 0.126000
0 0.737500 0.648000 0.145000 0.104000
0 0.827500 0.697000 0.140000 0.110000
0 0.800000 0.583000 0.120000 0.110000
0 0.085000 0.649000 0.165000 0.238000
0 0.110000 0.039000 0.125000 0.074000
0 0.233750 0.049000 0.147500 0.086000
0 0.206250 0.154000 0.137500 0.100000
1 0.213750 0.275000 0.132500 0.074000
0 0.430000 0.414000 0.095000 0.080000
0 0.312500 0.379000 0.100000 0.074000
0 0.327500 0.480000 0.105000 0.072000
0 0.335000 0.569000 0.110000 0.082000
0 0.432500 0.503000 0.090000 0.082000
0 0.445000 0.603000 0.080000 0.078000
0 0.947500 0.230000 0.075000 0.064000
