0 0.455469 0.342708 0.085938 0.122917
0 0.403906 0.406250 0.085938 0.087500
0 0.310156 0.464583 0.073438 0.133333
0 0.507031 0.494792 0.067187 0.122917
0 0.657031 0.585417 0.070312 0.116667
0 0.439844 0.770833 0.067187 0.137500
1 0.598437 0.316667 0.062500 0.112500
1 0.664844 0.351042 0.070312 0.127083
1 0.620313 0.468750 0.075000 0.108333
1 0.572656 0.518750 0.060937 0.104167
1 0.354687 0.594792 0.075000 0.102083
2 0.350781 0.715625 0.129688 0.102083
2 0.385156 0.514583 0.082812 0.083333
2 0.496094 0.636458 0.067187 0.118750
2 0.566406 0.677083 0.085938 0.070833
2 0.541406 0.390625 0.073438 0.102083
