0 0.435156 0.364583 0.045312 0.104167
0 0.379688 0.385417 0.046875 0.100000
0 0.484375 0.435417 0.053125 0.058333
0 0.638281 0.614583 0.057813 0.112500
0 0.486719 0.672917 0.045312 0.108333
0 0.361719 0.801042 0.057813 0.072917
1 0.571094 0.431250 0.051562 0.079167
1 0.236719 0.498958 0.064062 0.089583
1 0.361719 0.485417 0.057813 0.075000
1 0.311719 0.612500 0.067187 0.079167
1 0.378906 0.652083 0.067187 0.083333
2 0.307031 0.394792 0.051562 0.085417
2 0.392188 0.543750 0.050000 0.087500
2 0.465625 0.507292 0.059375 0.068750
2 0.426563 0.688542 0.053125 0.068750
2 0.413281 0.777083 0.057813 0.116667
