0 0.447656 0.151042 0.067187 0.135417
0 0.515625 0.217708 0.056250 0.122917
0 0.615625 0.325000 0.062500 0.166667
0 0.405469 0.286458 0.057813 0.156250
0 0.596094 0.585417 0.060937 0.154167
0 0.515625 0.941667 0.062500 0.116667
1 0.325781 0.568750 0.060937 0.200000
1 0.590625 0.122917 0.056250 0.116667
1 0.439063 0.596875 0.056250 0.156250
1 0.485156 0.798958 0.060937 0.193750
1 0.425781 0.859375 0.054688 0.193750
2 0.340625 0.319792 0.062500 0.127083
2 0.509375 0.331250 0.068750 0.141667
2 0.525781 0.511458 0.051562 0.143750
2 0.540625 0.691667 0.050000 0.129167
2 0.560156 0.844792 0.048438 0.202083
