0 0.717969 0.412500 0.076563 0.070833
0 0.342187 0.626042 0.084375 0.056250
0 0.705469 0.713542 0.073438 0.060417
0 0.620313 0.554167 0.087500 0.075000
0 0.473438 0.418750 0.087500 0.058333
1 0.538281 0.610417 0.098437 0.079167
1 0.235937 0.646875 0.112500 0.072917
1 0.645312 0.789583 0.093750 0.083333
1 0.365625 0.392708 0.109375 0.077083
2 0.467969 0.603125 0.082812 0.081250
2 0.509375 0.466667 0.078125 0.062500
2 0.807031 0.739583 0.085938 0.075000
2 0.635938 0.429167 0.078125 0.075000
2 0.802344 0.420833 0.089063 0.079167
