0 0.396094 0.364583 0.057813 0.150000
0 0.454688 0.573958 0.053125 0.168750
0 0.592969 0.830208 0.070312 0.118750
0 0.546875 0.077083 0.062500 0.150000
0 0.491406 0.183333 0.067187 0.104167
0 0.606250 0.158333 0.062500 0.116667
1 0.396875 0.162500 0.065625 0.116667
1 0.725000 0.339583 0.068750 0.191667
1 0.614062 0.454167 0.081250 0.150000
1 0.600000 0.668750 0.068750 0.179167
1 0.672656 0.673958 0.057813 0.185417
2 0.528906 0.781250 0.064062 0.216667
2 0.527344 0.621875 0.064062 0.114583
2 0.519531 0.448958 0.070312 0.135417
2 0.507031 0.282292 0.054688 0.147917
2 0.681250 0.138542 0.053125 0.122917
