0 0.526563 0.426042 0.056250 0.077083
0 0.386719 0.267708 0.067187 0.056250
0 0.653906 0.297917 0.054688 0.066667
0 0.385156 0.304167 0.057813 0.041667
0 0.381250 0.511458 0.046875 0.077083
0 0.527344 0.587500 0.054688 0.095833
1 0.332031 0.206250 0.079687 0.066667
1 0.651563 0.201042 0.078125 0.072917
1 0.296875 0.504167 0.059375 0.075000
1 0.502344 0.340625 0.073438 0.085417
2 0.457813 0.321875 0.059375 0.077083
2 0.723437 0.304167 0.065625 0.066667
2 0.421094 0.480208 0.048438 0.064583
2 0.482031 0.555208 0.054688 0.072917
2 0.583594 0.615625 0.064062 0.072917
