0 0.324219 0.416667 0.070312 0.087500
0 0.403906 0.390625 0.060937 0.093750
0 0.490625 0.444792 0.093750 0.056250
0 0.749219 0.567708 0.073438 0.089583
0 0.521094 0.636458 0.064062 0.093750
0 0.339062 0.758333 0.075000 0.070833
1 0.121875 0.526042 0.078125 0.068750
1 0.307031 0.498958 0.085938 0.068750
1 0.256250 0.611458 0.081250 0.064583
1 0.355469 0.632292 0.089063 0.081250
1 0.625781 0.422917 0.082812 0.062500
2 0.214844 0.436458 0.064062 0.072917
2 0.360938 0.537500 0.071875 0.070833
2 0.473438 0.503125 0.075000 0.068750
2 0.429688 0.653125 0.071875 0.052083
2 0.420312 0.730208 0.078125 0.097917
