0 0.486719 0.336458 0.051562 0.114583
0 0.536719 0.345833 0.042188 0.120833
0 0.447656 0.450000 0.054688 0.083333
0 0.321094 0.716667 0.048438 0.133333
0 0.473438 0.731250 0.046875 0.129167
0 0.601562 0.834375 0.050000 0.085417
1 0.366406 0.472917 0.042188 0.091667
1 0.568750 0.463542 0.056250 0.089583
1 0.689844 0.433333 0.064062 0.104167
1 0.625000 0.595833 0.059375 0.083333
1 0.570312 0.667708 0.065625 0.081250
2 0.609375 0.332292 0.053125 0.097917
2 0.472656 0.533333 0.057813 0.095833
2 0.541406 0.542708 0.048438 0.097917
2 0.531250 0.731250 0.053125 0.079167
2 0.552344 0.823958 0.060937 0.114583
