0 0.264062 0.539583 0.084375 0.120833
0 0.379688 0.583333 0.093750 0.075000
0 0.441406 0.646875 0.098437 0.106250
0 0.507031 0.505208 0.082812 0.102083
0 0.421875 0.265625 0.087500 0.118750
0 0.696094 0.431250 0.082812 0.095833
2 0.328906 0.317708 0.123438 0.081250
2 0.494531 0.383333 0.076563 0.100000
2 0.577344 0.347917 0.098437 0.062500
2 0.361719 0.493750 0.092188 0.066667
2 0.542969 0.602083 0.076563 0.079167
1 0.315625 0.412500 0.093750 0.075000
1 0.589844 0.485417 0.079687 0.095833
1 0.641406 0.535417 0.098437 0.104167
1 0.703125 0.634375 0.078125 0.114583
1 0.622656 0.670833 0.079687 0.104167
