0 0.304688 0.471875 0.059375 0.106250
0 0.454688 0.263542 0.068750 0.102083
0 0.389062 0.341667 0.068750 0.058333
0 0.523438 0.312500 0.081250 0.079167
0 0.533594 0.751042 0.070312 0.077083
2 0.425781 0.405208 0.057813 0.097917
2 0.599219 0.294792 0.067187 0.089583
2 0.438281 0.515625 0.079687 0.093750
2 0.453906 0.620833 0.067187 0.079167
2 0.463281 0.720833 0.067187 0.125000
1 0.296094 0.337500 0.076563 0.070833
1 0.659375 0.412500 0.075000 0.095833
1 0.542188 0.511458 0.075000 0.085417
1 0.613281 0.645833 0.067187 0.100000
1 0.532031 0.650000 0.076563 0.120833
