0 0.184375 0.690625 0.093750 0.089583
0 0.407813 0.501042 0.090625 0.064583
0 0.476562 0.422917 0.075000 0.091667
0 0.579688 0.423958 0.071875 0.077083
0 0.460156 0.698958 0.070312 0.089583
0 0.701562 0.767708 0.090625 0.064583
1 0.272656 0.516667 0.092188 0.070833
1 0.636719 0.651042 0.107813 0.064583
1 0.745313 0.610417 0.109375 0.070833
1 0.632812 0.501042 0.090625 0.056250
2 0.464062 0.559375 0.093750 0.072917
2 0.596875 0.562500 0.093750 0.070833
2 0.565625 0.702083 0.093750 0.070833
2 0.605469 0.767708 0.098437 0.081250
