2 0.253906 0.646875 0.192188 0.102083
2 0.320312 0.408333 0.162500 0.104167
2 0.515625 0.584375 0.121875 0.139583
2 0.623437 0.641667 0.156250 0.095833
2 0.635156 0.292708 0.123438 0.118750
0 0.186719 0.325000 0.145313 0.179167
0 0.368750 0.279167 0.143750 0.112500
0 0.482812 0.210417 0.140625 0.145833
0 0.553125 0.415625 0.115625 0.147917
0 0.819531 0.552083 0.110937 0.154167
1 0.243750 0.505208 0.128125 0.131250
1 0.670312 0.463542 0.109375 0.118750
1 0.769531 0.397917 0.129688 0.133333
1 0.764062 0.211458 0.118750 0.127083
1 0.873437 0.284375 0.134375 0.131250
