0 0.388281 0.398958 0.085938 0.072917
0 0.236719 0.492708 0.092188 0.102083
0 0.296094 0.641667 0.095312 0.108333
0 0.492969 0.341667 0.098437 0.091667
0 0.563281 0.426042 0.092188 0.089583
1 0.267188 0.359375 0.065625 0.072917
1 0.715625 0.571875 0.096875 0.131250
1 0.535937 0.616667 0.090625 0.100000
1 0.482031 0.748958 0.089063 0.118750
1 0.584375 0.775000 0.081250 0.112500
2 0.673438 0.431250 0.078125 0.079167
2 0.404687 0.468750 0.109375 0.075000
2 0.394531 0.579167 0.085938 0.095833
2 0.370312 0.798958 0.087500 0.118750
