0 0.469531 0.358333 0.095312 0.070833
0 0.139063 0.504167 0.087500 0.116667
0 0.439844 0.578125 0.085938 0.102083
0 0.584375 0.296875 0.093750 0.097917
0 0.687500 0.326042 0.090625 0.097917
0 0.689063 0.705208 0.096875 0.068750
1 0.300781 0.345833 0.101562 0.066667
1 0.664062 0.569792 0.109375 0.077083
1 0.714063 0.419792 0.112500 0.064583
1 0.792969 0.534375 0.126562 0.072917
2 0.507031 0.428125 0.104688 0.072917
2 0.571875 0.603125 0.109375 0.068750
2 0.586719 0.680208 0.101562 0.097917
2 0.642969 0.464583 0.085938 0.075000
