0 0.342969 0.347917 0.104688 0.095833
0 0.414062 0.269792 0.106250 0.093750
0 0.516406 0.322917 0.107813 0.075000
0 0.686719 0.417708 0.101562 0.118750
0 0.636719 0.590625 0.110937 0.118750
0 0.472656 0.825000 0.095312 0.095833
1 0.186719 0.528125 0.095312 0.135417
1 0.378125 0.561458 0.096875 0.102083
1 0.332813 0.735417 0.096875 0.125000
1 0.439063 0.708333 0.093750 0.141667
2 0.229687 0.362500 0.081250 0.079167
2 0.505469 0.401042 0.095312 0.106250
2 0.521094 0.515625 0.085938 0.097917
2 0.562500 0.775000 0.096875 0.179167
