0 0.400781 0.446875 0.060937 0.106250
0 0.479687 0.397917 0.081250 0.075000
0 0.528125 0.354167 0.084375 0.112500
0 0.554688 0.497917 0.065625 0.112500
1 0.428125 0.568750 0.071875 0.091667
1 0.617188 0.522917 0.046875 0.095833
1 0.655469 0.486458 0.064062 0.110417
2 0.421875 0.666667 0.100000 0.070833
2 0.540625 0.628125 0.053125 0.118750
2 0.599219 0.669792 0.076563 0.081250
2 0.592187 0.402083 0.059375 0.079167
2 0.450000 0.498958 0.068750 0.064583
1 0.646875 0.347917 0.053125 0.087500
1 0.692969 0.392708 0.051562 0.097917
