0 0.369531 0.483333 0.064062 0.179167
0 0.445312 0.391667 0.084375 0.100000
0 0.482812 0.294792 0.075000 0.127083
0 0.540625 0.485417 0.062500 0.145833
0 0.676562 0.564583 0.075000 0.145833
0 0.506250 0.863542 0.056250 0.172917
2 0.435156 0.531250 0.070312 0.095833
2 0.542188 0.671875 0.053125 0.147917
2 0.428125 0.789583 0.106250 0.129167
2 0.601562 0.698958 0.084375 0.089583
2 0.560156 0.345833 0.054688 0.112500
1 0.611719 0.237500 0.048438 0.158333
1 0.664062 0.273958 0.056250 0.160417
1 0.632812 0.431250 0.065625 0.145833
1 0.420312 0.646875 0.059375 0.122917
