0 0.575000 0.361458 0.087500 0.097917
0 0.388281 0.238542 0.082812 0.110417
0 0.503906 0.566667 0.101562 0.070833
0 0.560156 0.632292 0.114062 0.089583
0 0.650000 0.570833 0.109375 0.079167
0 0.642969 0.391667 0.092188 0.095833
2 0.472656 0.200000 0.123438 0.108333
2 0.493750 0.284375 0.093750 0.077083
2 0.468750 0.454167 0.068750 0.112500
2 0.603906 0.485417 0.098437 0.079167
1 0.342969 0.365625 0.098437 0.060417
1 0.428125 0.341667 0.109375 0.100000
1 0.378906 0.436458 0.104688 0.089583
1 0.425000 0.527083 0.100000 0.079167
1 0.734375 0.408333 0.093750 0.095833
