0 0.492969 0.169792 0.092188 0.156250
0 0.310156 0.547917 0.079687 0.175000
0 0.414844 0.633333 0.107813 0.087500
0 0.465625 0.727083 0.115625 0.141667
0 0.545312 0.532292 0.084375 0.147917
0 0.743750 0.454167 0.084375 0.141667
2 0.386719 0.232292 0.110937 0.127083
2 0.547656 0.339583 0.073438 0.158333
2 0.396094 0.493750 0.120313 0.112500
2 0.579688 0.680208 0.093750 0.131250
2 0.633594 0.314583 0.098437 0.104167
1 0.628906 0.513542 0.067187 0.143750
1 0.684375 0.591667 0.084375 0.133333
1 0.646094 0.785417 0.092188 0.145833
1 0.728125 0.747917 0.078125 0.150000
