2 0.466406 0.397917 0.073438 0.145833
2 0.570312 0.443750 0.078125 0.158333
2 0.535156 0.726042 0.070312 0.131250
2 0.552344 0.887500 0.101562 0.204167
2 0.701562 0.157292 0.059375 0.122917
0 0.446094 0.262500 0.104688 0.116667
0 0.509375 0.123958 0.075000 0.185417
0 0.585938 0.152083 0.062500 0.170833
0 0.208594 0.603125 0.067187 0.185417
0 0.438281 0.694792 0.073438 0.185417
0 0.630469 0.900000 0.076563 0.137500
1 0.307031 0.271875 0.092188 0.143750
1 0.620313 0.341667 0.084375 0.133333
1 0.688281 0.555208 0.095312 0.131250
1 0.603906 0.647917 0.104688 0.129167
