0 0.482812 0.400000 0.103125 0.129167
0 0.440625 0.492708 0.103125 0.102083
0 0.339844 0.583333 0.073438 0.162500
0 0.555469 0.586458 0.076563 0.139583
0 0.739062 0.669792 0.090625 0.147917
1 0.642969 0.342708 0.073438 0.147917
1 0.714063 0.382292 0.078125 0.172917
1 0.681250 0.526042 0.084375 0.135417
1 0.634375 0.600000 0.068750 0.141667
1 0.402344 0.735417 0.076563 0.116667
2 0.586719 0.451042 0.076563 0.110417
2 0.429688 0.628125 0.093750 0.093750
2 0.559375 0.771875 0.081250 0.177083
2 0.415625 0.867708 0.128125 0.127083
2 0.635938 0.802083 0.106250 0.087500
