0 0.340625 0.615625 0.084375 0.122917
0 0.433594 0.646875 0.085938 0.077083
0 0.519531 0.542708 0.070312 0.110417
0 0.492188 0.706250 0.081250 0.112500
0 0.424219 0.294792 0.070312 0.114583
0 0.657813 0.429167 0.059375 0.104167
1 0.584375 0.506250 0.053125 0.091667
1 0.635156 0.550000 0.064062 0.116667
1 0.642969 0.696875 0.079687 0.106250
2 0.497656 0.410417 0.073438 0.116667
2 0.402344 0.551042 0.089063 0.072917
2 0.358594 0.370833 0.104688 0.066667
2 0.557031 0.358333 0.101562 0.066667
2 0.571875 0.633333 0.068750 0.091667
