1 0.289844 0.613542 0.095312 0.106250
1 0.460156 0.635417 0.101562 0.079167
1 0.424219 0.746875 0.079687 0.085417
1 0.521875 0.730208 0.090625 0.097917
1 0.721875 0.451042 0.093750 0.072917
0 0.428906 0.495833 0.095312 0.066667
0 0.499219 0.447917 0.095312 0.075000
0 0.593750 0.478125 0.103125 0.056250
0 0.742188 0.538542 0.096875 0.085417
0 0.703125 0.650000 0.087500 0.087500
2 0.581250 0.534375 0.096875 0.068750
2 0.600000 0.610417 0.084375 0.070833
2 0.611719 0.689583 0.079687 0.054167
2 0.635938 0.766667 0.078125 0.095833
