2 0.745313 0.435417 0.062500 0.104167
2 0.502344 0.434375 0.070312 0.131250
2 0.478125 0.663542 0.071875 0.122917
2 0.567969 0.751042 0.073438 0.118750
2 0.694531 0.840625 0.082812 0.127083
1 0.330469 0.342708 0.101562 0.110417
1 0.678906 0.265625 0.085938 0.127083
1 0.568750 0.412500 0.081250 0.125000
1 0.383594 0.439583 0.082812 0.083333
0 0.670312 0.446875 0.075000 0.127083
0 0.375781 0.498958 0.067187 0.081250
0 0.584375 0.580208 0.071875 0.122917
0 0.635938 0.783333 0.075000 0.141667
0 0.431250 0.719792 0.068750 0.114583
0 0.331250 0.703125 0.093750 0.143750
