1 0.597656 0.482292 0.060937 0.085417
1 0.392969 0.461458 0.067187 0.072917
1 0.281250 0.433333 0.084375 0.104167
1 0.334375 0.572917 0.062500 0.087500
1 0.386719 0.635417 0.070312 0.066667
0 0.351562 0.768750 0.056250 0.100000
0 0.489844 0.697917 0.060937 0.116667
0 0.638281 0.678125 0.045312 0.118750
0 0.477344 0.356250 0.051562 0.116667
0 0.516406 0.461458 0.064062 0.089583
0 0.422656 0.368750 0.051562 0.112500
2 0.351562 0.354167 0.056250 0.083333
2 0.416406 0.528125 0.048438 0.089583
2 0.495312 0.520833 0.050000 0.095833
2 0.427344 0.684375 0.054688 0.068750
2 0.410156 0.763542 0.070312 0.106250
