2 0.119531 0.677083 0.117188 0.170833
2 0.486719 0.734375 0.114062 0.193750
2 0.589844 0.394792 0.104688 0.164583
2 0.486719 0.234375 0.107813 0.164583
2 0.326562 0.083333 0.090625 0.145833
1 0.366406 0.705208 0.145313 0.218750
1 0.819531 0.375000 0.148438 0.225000
1 0.445312 0.358333 0.090625 0.116667
0 0.241406 0.700000 0.092188 0.150000
0 0.414844 0.491667 0.107813 0.162500
0 0.689844 0.837500 0.101562 0.120833
0 0.709375 0.760417 0.100000 0.116667
0 0.675781 0.344792 0.114062 0.181250
0 0.387500 0.128125 0.115625 0.172917
