1 0.282031 0.506250 0.073438 0.120833
1 0.375000 0.441667 0.065625 0.116667
1 0.342187 0.301042 0.062500 0.114583
1 0.402344 0.316667 0.064062 0.112500
1 0.555469 0.655208 0.054688 0.085417
2 0.313281 0.631250 0.051562 0.079167
2 0.461719 0.566667 0.051562 0.087500
2 0.467187 0.461458 0.065625 0.097917
2 0.460156 0.350000 0.070312 0.079167
2 0.464062 0.265625 0.053125 0.114583
0 0.412500 0.214583 0.071875 0.083333
0 0.517969 0.387500 0.060937 0.116667
0 0.557813 0.528125 0.062500 0.118750
0 0.378125 0.629167 0.059375 0.083333
0 0.421094 0.691667 0.054688 0.087500
0 0.478906 0.625000 0.054688 0.083333
