2 0.638281 0.342708 0.054688 0.081250
2 0.453906 0.409375 0.054688 0.077083
2 0.530469 0.485417 0.042188 0.087500
2 0.493750 0.595833 0.056250 0.062500
2 0.489063 0.669792 0.059375 0.118750
0 0.442188 0.332292 0.056250 0.085417
0 0.503125 0.306250 0.068750 0.066667
0 0.521875 0.375000 0.056250 0.083333
0 0.428125 0.467708 0.059375 0.077083
0 0.456250 0.520833 0.062500 0.066667
0 0.543750 0.668750 0.062500 0.079167
1 0.371875 0.457292 0.056250 0.085417
1 0.574219 0.503125 0.057813 0.089583
1 0.535156 0.569792 0.054688 0.085417
1 0.585156 0.572917 0.060937 0.062500
1 0.567187 0.429167 0.046875 0.070833
