1 0.699219 0.519792 0.054688 0.122917
1 0.604688 0.335417 0.050000 0.129167
1 0.554688 0.383333 0.050000 0.116667
1 0.602344 0.507292 0.064062 0.118750
2 0.491406 0.364583 0.042188 0.129167
2 0.508594 0.447917 0.042188 0.104167
2 0.529687 0.569792 0.053125 0.114583
2 0.553125 0.694792 0.071875 0.093750
2 0.693750 0.673958 0.059375 0.093750
0 0.639062 0.706250 0.062500 0.108333
0 0.610938 0.793750 0.078125 0.091667
0 0.540625 0.767708 0.062500 0.093750
0 0.457813 0.705208 0.062500 0.114583
0 0.463281 0.530208 0.054688 0.114583
0 0.525000 0.279167 0.065625 0.091667
0 0.482812 0.836458 0.059375 0.081250
