1 0.328125 0.763542 0.062500 0.089583
1 0.583594 0.645833 0.070312 0.070833
1 0.400781 0.601042 0.060937 0.089583
2 0.232031 0.708333 0.064062 0.066667
2 0.252344 0.416667 0.054688 0.079167
2 0.350781 0.432292 0.048438 0.072917
2 0.422656 0.466667 0.051562 0.066667
2 0.445312 0.597917 0.053125 0.083333
0 0.296875 0.685417 0.053125 0.062500
0 0.308594 0.429167 0.057813 0.079167
0 0.353906 0.544792 0.054688 0.068750
0 0.515625 0.410417 0.071875 0.079167
0 0.448437 0.432292 0.059375 0.056250
1 0.526563 0.609375 0.046875 0.027083
