0 0.289062 0.495833 0.078125 0.158333
0 0.375000 0.585417 0.109375 0.125000
0 0.424219 0.688542 0.101562 0.164583
0 0.501563 0.485417 0.078125 0.145833
0 0.668750 0.433333 0.081250 0.137500
0 0.470313 0.118750 0.090625 0.179167
2 0.378125 0.181250 0.100000 0.125000
2 0.374219 0.437500 0.092188 0.120833
2 0.513281 0.310417 0.060937 0.141667
2 0.578906 0.270833 0.104688 0.112500
2 0.520312 0.647917 0.075000 0.141667
1 0.350000 0.313542 0.109375 0.127083
1 0.573438 0.470833 0.068750 0.137500
1 0.619531 0.562500 0.085938 0.150000
1 0.647656 0.720833 0.079687 0.158333
1 0.574219 0.762500 0.073438 0.162500
