1 0.275781 0.889583 0.085938 0.104167
1 0.663281 0.906250 0.092188 0.112500
1 0.413281 0.780208 0.089063 0.114583
2 0.224219 0.720833 0.073438 0.095833
2 0.488281 0.777083 0.082812 0.112500
2 0.546875 0.563542 0.078125 0.110417
2 0.464062 0.455208 0.075000 0.114583
2 0.347656 0.338542 0.076563 0.118750
0 0.395313 0.406250 0.087500 0.125000
0 0.424219 0.613542 0.076563 0.127083
0 0.610938 0.520833 0.071875 0.108333
0 0.626563 0.739583 0.078125 0.087500
1 0.310937 0.723958 0.062500 0.110417
1 0.620313 0.800000 0.090625 0.091667
0 0.713281 0.562500 0.101562 0.158333
