0 0.314063 0.516667 0.100000 0.100000
0 0.427344 0.543750 0.101562 0.083333
0 0.513281 0.588542 0.092188 0.102083
0 0.553125 0.447917 0.084375 0.108333
0 0.736719 0.362500 0.082812 0.108333
0 0.423438 0.241667 0.093750 0.095833
2 0.344531 0.305208 0.117188 0.089583
2 0.525781 0.339583 0.082812 0.108333
2 0.597656 0.295833 0.092188 0.079167
2 0.609375 0.532292 0.081250 0.093750
2 0.403125 0.461458 0.103125 0.077083
1 0.700781 0.584375 0.092188 0.102083
1 0.776563 0.539583 0.100000 0.091667
1 0.709375 0.460417 0.090625 0.095833
1 0.636719 0.425000 0.082812 0.112500
1 0.338281 0.393750 0.110937 0.087500
