1 0.443750 0.754167 0.065625 0.083333
1 0.686719 0.753125 0.082812 0.106250
1 0.602344 0.666667 0.070312 0.091667
1 0.664844 0.626042 0.039062 0.068750
2 0.557031 0.654167 0.060937 0.104167
2 0.721094 0.626042 0.054688 0.072917
2 0.522656 0.496875 0.060937 0.072917
2 0.575000 0.425000 0.046875 0.091667
2 0.651563 0.338542 0.056250 0.097917
0 0.607031 0.542708 0.070312 0.089583
0 0.620313 0.391667 0.071875 0.091667
0 0.416406 0.493750 0.070312 0.104167
0 0.481250 0.465625 0.050000 0.072917
1 0.471875 0.672917 0.053125 0.058333
1 0.464062 0.628125 0.050000 0.056250
