0 0.333594 0.598958 0.070312 0.110417
0 0.542188 0.721875 0.071875 0.089583
0 0.617188 0.783333 0.053125 0.104167
0 0.678125 0.741667 0.062500 0.112500
0 0.498437 0.459375 0.071875 0.093750
0 0.628125 0.275000 0.071875 0.087500
2 0.569531 0.326042 0.067187 0.114583
2 0.567969 0.418750 0.051562 0.087500
2 0.552344 0.636458 0.067187 0.102083
2 0.632031 0.563542 0.051562 0.093750
2 0.763281 0.687500 0.051562 0.083333
1 0.442969 0.760417 0.057813 0.087500
1 0.630469 0.436458 0.067187 0.085417
1 0.717187 0.453125 0.084375 0.077083
1 0.823438 0.543750 0.071875 0.112500
1 0.682813 0.610417 0.065625 0.079167
