1 0.407031 0.161458 0.051562 0.106250
1 0.676562 0.508333 0.062500 0.166667
1 0.564063 0.559375 0.071875 0.139583
1 0.522656 0.726042 0.070312 0.147917
1 0.584375 0.790625 0.059375 0.139583
0 0.501563 0.880208 0.075000 0.110417
0 0.410156 0.570833 0.076563 0.133333
0 0.383594 0.353125 0.067187 0.118750
0 0.479687 0.233333 0.059375 0.116667
0 0.546875 0.156250 0.065625 0.112500
0 0.588281 0.271875 0.051562 0.114583
2 0.653125 0.295833 0.046875 0.125000
2 0.492969 0.328125 0.051562 0.114583
2 0.478906 0.492708 0.054688 0.122917
2 0.463281 0.654167 0.060937 0.108333
2 0.450000 0.778125 0.059375 0.164583
