2 0.450000 0.594792 0.093750 0.106250
2 0.475781 0.696875 0.085938 0.077083
2 0.492188 0.790625 0.087500 0.131250
2 0.664844 0.385417 0.101562 0.079167
2 0.436719 0.480208 0.089063 0.089583
1 0.274219 0.435417 0.098437 0.079167
1 0.588281 0.587500 0.098437 0.083333
1 0.749219 0.506250 0.114062 0.133333
1 0.691406 0.729167 0.092188 0.133333
1 0.581250 0.723958 0.093750 0.131250
0 0.282031 0.559375 0.089063 0.122917
0 0.391406 0.439583 0.082812 0.083333
0 0.472656 0.359375 0.098437 0.102083
0 0.559375 0.402083 0.103125 0.091667
0 0.589844 0.823958 0.092188 0.110417
0 0.371875 0.681250 0.115625 0.120833
