2 0.336719 0.393750 0.060937 0.083333
2 0.525781 0.412500 0.060937 0.079167
2 0.542969 0.516667 0.070312 0.083333
2 0.560937 0.616667 0.065625 0.079167
2 0.568750 0.691667 0.065625 0.095833
1 0.316406 0.525000 0.076563 0.095833
1 0.444531 0.556250 0.079687 0.095833
1 0.489844 0.662500 0.076563 0.108333
1 0.418750 0.698958 0.065625 0.106250
1 0.628906 0.307292 0.070312 0.077083
0 0.653125 0.428125 0.078125 0.097917
0 0.621875 0.564583 0.075000 0.104167
0 0.521875 0.763542 0.087500 0.093750
0 0.542188 0.350000 0.068750 0.075000
0 0.465625 0.307292 0.068750 0.085417
0 0.414844 0.381250 0.070312 0.104167
