1 0.364063 0.553125 0.062500 0.097917
1 0.460156 0.619792 0.070312 0.077083
1 0.408594 0.728125 0.057813 0.089583
1 0.469531 0.727083 0.060937 0.100000
1 0.678125 0.491667 0.059375 0.070833
0 0.471875 0.816667 0.081250 0.062500
0 0.609375 0.698958 0.068750 0.097917
0 0.666406 0.595833 0.067187 0.087500
0 0.478906 0.473958 0.064062 0.072917
0 0.532813 0.437500 0.056250 0.070833
0 0.592969 0.494792 0.067187 0.052083
2 0.417187 0.462500 0.062500 0.091667
2 0.560156 0.536458 0.057813 0.077083
2 0.554688 0.622917 0.071875 0.070833
2 0.537500 0.711458 0.062500 0.060417
2 0.535937 0.786458 0.081250 0.085417
