0 0.432812 0.701042 0.093750 0.127083
0 0.362500 0.418750 0.050000 0.095833
0 0.453125 0.512500 0.065625 0.087500
0 0.703125 0.567708 0.096875 0.118750
0 0.623437 0.598958 0.068750 0.106250
2 0.562500 0.557292 0.071875 0.089583
2 0.515625 0.370833 0.081250 0.104167
2 0.280469 0.427083 0.085938 0.091667
2 0.492188 0.654167 0.062500 0.091667
2 0.399219 0.768750 0.092188 0.120833
1 0.327344 0.267708 0.085938 0.093750
1 0.450000 0.368750 0.093750 0.104167
1 0.666406 0.250000 0.076563 0.083333
1 0.623437 0.341667 0.068750 0.070833
1 0.637500 0.400000 0.068750 0.079167
