0 0.387500 0.591667 0.056250 0.095833
0 0.534375 0.665625 0.046875 0.085417
0 0.669531 0.778125 0.067187 0.097917
0 0.536719 0.436458 0.057813 0.064583
0 0.590625 0.355208 0.043750 0.093750
0 0.649219 0.381250 0.048438 0.087500
2 0.716406 0.398958 0.042188 0.081250
2 0.632812 0.538542 0.053125 0.072917
2 0.557813 0.503125 0.046875 0.072917
2 0.596094 0.677083 0.054688 0.070833
2 0.612500 0.753125 0.050000 0.110417
1 0.460156 0.423958 0.054688 0.077083
1 0.659375 0.485417 0.065625 0.066667
1 0.787500 0.501042 0.084375 0.097917
1 0.711719 0.597917 0.067187 0.079167
1 0.647656 0.637500 0.076563 0.075000
