2 0.460938 0.494792 0.062500 0.089583
2 0.557813 0.517708 0.068750 0.110417
2 0.660937 0.301042 0.062500 0.097917
2 0.542188 0.718750 0.068750 0.104167
2 0.562500 0.817708 0.075000 0.131250
1 0.660937 0.590625 0.075000 0.081250
1 0.763281 0.422917 0.089063 0.112500
1 0.603125 0.444792 0.087500 0.110417
1 0.328125 0.430208 0.075000 0.114583
1 0.593750 0.661458 0.084375 0.106250
0 0.561719 0.310417 0.076563 0.137500
0 0.489063 0.293750 0.084375 0.133333
0 0.430469 0.403125 0.073438 0.093750
0 0.258594 0.671875 0.073438 0.147917
0 0.455469 0.713542 0.060937 0.131250
0 0.631250 0.834375 0.068750 0.114583
