2 0.676562 0.217708 0.056250 0.081250
2 0.592187 0.635417 0.043750 0.112500
2 0.454688 0.495833 0.046875 0.079167
2 0.464844 0.296875 0.035937 0.097917
2 0.509375 0.572917 0.040625 0.100000
1 0.508594 0.310417 0.057813 0.112500
1 0.609375 0.118750 0.056250 0.083333
1 0.355469 0.180208 0.054688 0.077083
1 0.409375 0.239583 0.053125 0.062500
1 0.408594 0.281250 0.042188 0.054167
1 0.617969 0.235417 0.042188 0.075000
0 0.532031 0.416667 0.048438 0.104167
0 0.424219 0.539583 0.035937 0.083333
0 0.545312 0.605208 0.046875 0.106250
0 0.362500 0.561458 0.053125 0.102083
