1 0.321094 0.247917 0.073438 0.141667
1 0.687500 0.543750 0.109375 0.195833
1 0.541406 0.618750 0.067187 0.137500
1 0.502344 0.808333 0.085938 0.158333
1 0.582031 0.850000 0.085938 0.183333
0 0.307031 0.440625 0.079687 0.164583
0 0.352344 0.663542 0.089063 0.168750
0 0.479687 0.950000 0.084375 0.100000
0 0.497656 0.207292 0.085938 0.135417
0 0.561719 0.318750 0.095312 0.137500
0 0.420312 0.297917 0.075000 0.116667
2 0.641406 0.327083 0.070312 0.141667
2 0.444531 0.388542 0.079687 0.139583
2 0.434375 0.575000 0.096875 0.158333
2 0.419531 0.745833 0.067187 0.145833
2 0.410156 0.877083 0.082812 0.212500
