1 0.239063 0.283333 0.103125 0.087500
1 0.734375 0.482292 0.121875 0.114583
1 0.521094 0.505208 0.107813 0.093750
1 0.554688 0.623958 0.118750 0.102083
1 0.438281 0.596875 0.098437 0.122917
2 0.707031 0.363542 0.098437 0.089583
2 0.403906 0.379167 0.104688 0.075000
2 0.367188 0.470833 0.112500 0.104167
2 0.336719 0.546875 0.092188 0.089583
2 0.303906 0.615625 0.098437 0.102083
0 0.513281 0.287500 0.126562 0.087500
0 0.579688 0.355208 0.112500 0.093750
0 0.371094 0.319792 0.114062 0.068750
0 0.192969 0.375000 0.101562 0.075000
0 0.232813 0.497917 0.096875 0.075000
0 0.396094 0.673958 0.123438 0.068750
