1 0.411719 0.608333 0.060937 0.079167
1 0.700000 0.492708 0.078125 0.114583
1 0.597656 0.431250 0.070312 0.095833
1 0.635156 0.311458 0.054688 0.122917
1 0.571094 0.325000 0.073438 0.104167
0 0.411719 0.505208 0.070312 0.093750
0 0.553125 0.636458 0.059375 0.089583
0 0.598437 0.587500 0.059375 0.091667
0 0.492188 0.584375 0.062500 0.081250
0 0.450000 0.384375 0.056250 0.097917
0 0.561719 0.233333 0.070312 0.075000
2 0.505469 0.283333 0.060937 0.095833
2 0.513281 0.351042 0.060937 0.077083
2 0.507812 0.440625 0.056250 0.085417
2 0.515625 0.546875 0.062500 0.097917
2 0.661719 0.593750 0.057813 0.087500
