1 0.260937 0.626042 0.109375 0.114583
1 0.348438 0.548958 0.100000 0.106250
1 0.693750 0.748958 0.115625 0.114583
1 0.664844 0.398958 0.104688 0.118750
1 0.696875 0.643750 0.112500 0.104167
1 0.742969 0.602083 0.085938 0.066667
1 0.484375 0.350000 0.075000 0.066667
1 0.433594 0.240625 0.073438 0.093750
0 0.369531 0.252083 0.085938 0.120833
0 0.429688 0.426042 0.087500 0.122917
0 0.600000 0.352083 0.084375 0.108333
2 0.524219 0.394792 0.092188 0.097917
2 0.451562 0.569792 0.084375 0.122917
2 0.277344 0.500000 0.082812 0.083333
2 0.451562 0.287500 0.075000 0.083333
2 0.360938 0.181250 0.075000 0.062500
