2 0.388281 0.352083 0.048438 0.091667
2 0.514062 0.433333 0.043750 0.087500
2 0.511719 0.541667 0.054688 0.095833
2 0.494531 0.632292 0.060937 0.068750
2 0.493750 0.719792 0.056250 0.110417
1 0.351562 0.460417 0.068750 0.100000
1 0.431250 0.535417 0.068750 0.091667
1 0.384375 0.653125 0.050000 0.114583
1 0.441406 0.657292 0.054688 0.118750
1 0.606250 0.380208 0.056250 0.068750
0 0.487500 0.319792 0.053125 0.097917
0 0.443750 0.368750 0.056250 0.091667
0 0.534375 0.389583 0.059375 0.083333
0 0.599219 0.489583 0.060937 0.112500
0 0.552344 0.615625 0.054688 0.114583
0 0.446875 0.760417 0.068750 0.091667
