0 0.523438 0.144792 0.106250 0.156250
0 0.595313 0.066667 0.087500 0.125000
0 0.691406 0.160417 0.082812 0.116667
0 0.820312 0.338542 0.106250 0.152083
0 0.746094 0.517708 0.092188 0.152083
0 0.550781 0.770833 0.107813 0.133333
1 0.818750 0.142708 0.118750 0.122917
1 0.349219 0.307292 0.120313 0.181250
1 0.510156 0.414583 0.098437 0.150000
1 0.432031 0.626042 0.073438 0.164583
1 0.539844 0.610417 0.104688 0.179167
2 0.657813 0.255208 0.103125 0.143750
2 0.414062 0.146875 0.093750 0.139583
2 0.650781 0.419792 0.123438 0.139583
2 0.642188 0.569792 0.084375 0.118750
2 0.635156 0.692708 0.082812 0.185417
