2 0.476562 0.183333 0.056250 0.150000
2 0.496094 0.282292 0.073438 0.093750
2 0.510938 0.406250 0.081250 0.116667
2 0.535156 0.556250 0.064062 0.100000
2 0.716406 0.565625 0.070312 0.110417
1 0.435937 0.679167 0.056250 0.083333
1 0.610156 0.366667 0.085938 0.125000
1 0.734375 0.396875 0.081250 0.143750
1 0.628906 0.189583 0.076563 0.141667
1 0.559375 0.228125 0.075000 0.122917
0 0.525000 0.110417 0.084375 0.100000
0 0.431250 0.353125 0.068750 0.127083
0 0.411719 0.543750 0.082812 0.145833
0 0.514062 0.618750 0.065625 0.112500
0 0.592969 0.679167 0.067187 0.125000
0 0.645312 0.582292 0.078125 0.122917
