0 0.458594 0.228125 0.082812 0.181250
0 0.617969 0.443750 0.085938 0.175000
0 0.673438 0.516667 0.096875 0.179167
0 0.684375 0.800000 0.081250 0.154167
0 0.600000 0.893750 0.096875 0.137500
0 0.565625 0.792708 0.078125 0.156250
2 0.532813 0.181250 0.096875 0.170833
2 0.544531 0.328125 0.089063 0.139583
2 0.520312 0.591667 0.078125 0.195833
2 0.657813 0.668750 0.100000 0.141667
2 0.414844 0.944792 0.076563 0.110417
1 0.491406 0.418750 0.089063 0.158333
1 0.418750 0.460417 0.090625 0.150000
1 0.452344 0.591667 0.089063 0.154167
1 0.485156 0.720833 0.092188 0.162500
1 0.755469 0.514583 0.098437 0.175000
