1 0.332031 0.414583 0.085938 0.125000
1 0.597656 0.436458 0.076563 0.135417
1 0.660156 0.473958 0.095312 0.122917
1 0.724219 0.581250 0.098437 0.141667
1 0.665625 0.636458 0.096875 0.143750
2 0.327344 0.297917 0.107813 0.108333
2 0.496094 0.337500 0.092188 0.141667
2 0.551562 0.291667 0.090625 0.095833
2 0.392188 0.481250 0.109375 0.104167
2 0.576562 0.569792 0.078125 0.118750
0 0.307031 0.569792 0.101562 0.135417
0 0.417187 0.605208 0.103125 0.097917
0 0.495312 0.652083 0.078125 0.125000
0 0.525781 0.485417 0.092188 0.154167
0 0.682813 0.357292 0.084375 0.131250
0 0.397656 0.220833 0.098437 0.129167
