1 0.251563 0.639583 0.084375 0.104167
1 0.669531 0.592708 0.076563 0.106250
1 0.334375 0.489583 0.078125 0.104167
1 0.407031 0.421875 0.082812 0.081250
1 0.403906 0.606250 0.085938 0.104167
2 0.346875 0.719792 0.065625 0.106250
2 0.435156 0.527083 0.073438 0.095833
2 0.532031 0.548958 0.076563 0.085417
2 0.422656 0.287500 0.082812 0.108333
2 0.448437 0.372917 0.071875 0.095833
0 0.528906 0.364583 0.073438 0.133333
0 0.728906 0.384375 0.073438 0.122917
0 0.564063 0.616667 0.081250 0.087500
0 0.514844 0.719792 0.076563 0.122917
0 0.439844 0.712500 0.082812 0.125000
0 0.357812 0.282292 0.075000 0.102083
