1 0.671875 0.375000 0.143750 0.241667
1 0.333594 0.897917 0.117188 0.204167
1 0.228125 0.941667 0.090625 0.116667
1 0.631250 0.965625 0.087500 0.068750
1 0.641406 0.904167 0.101562 0.125000
2 0.118750 0.951042 0.090625 0.097917
2 0.443750 0.898958 0.131250 0.202083
2 0.485938 0.482292 0.093750 0.218750
2 0.370312 0.289583 0.093750 0.212500
2 0.214844 0.151042 0.092188 0.227083
0 0.272656 0.190625 0.110937 0.252083
0 0.346094 0.656250 0.101562 0.220833
0 0.557813 0.380208 0.075000 0.202083
1 0.359375 0.484375 0.100000 0.143750
