0 0.496094 0.338542 0.089063 0.089583
0 0.571875 0.387500 0.093750 0.083333
0 0.459375 0.402083 0.084375 0.079167
0 0.519531 0.557292 0.085938 0.102083
0 0.567969 0.516667 0.085938 0.091667
0 0.380469 0.675000 0.060937 0.091667
2 0.311719 0.335417 0.060937 0.070833
2 0.455469 0.625000 0.085938 0.079167
2 0.446875 0.690625 0.081250 0.093750
2 0.430469 0.495833 0.064062 0.083333
2 0.533594 0.455208 0.079687 0.068750
1 0.387500 0.435417 0.071875 0.087500
1 0.367188 0.505208 0.068750 0.077083
1 0.339062 0.569792 0.081250 0.081250
1 0.407031 0.576042 0.082812 0.093750
1 0.643750 0.519792 0.081250 0.097917
