2 0.318750 0.760417 0.062500 0.154167
2 0.512500 0.719792 0.043750 0.168750
2 0.538281 0.392708 0.060937 0.131250
2 0.421094 0.122917 0.051562 0.158333
2 0.490625 0.251042 0.050000 0.172917
0 0.458594 0.169792 0.054688 0.202083
0 0.463281 0.506250 0.042188 0.170833
0 0.567969 0.338542 0.048438 0.143750
1 0.627344 0.339583 0.067187 0.166667
1 0.565625 0.755208 0.053125 0.089583
1 0.562500 0.827083 0.056250 0.095833
1 0.610156 0.937500 0.076563 0.125000
1 0.380469 0.937500 0.064062 0.125000
1 0.371875 0.764583 0.053125 0.145833
1 0.481250 0.673958 0.050000 0.181250
1 0.457031 0.385417 0.054688 0.129167
