1 0.349219 0.562500 0.051562 0.116667
1 0.456250 0.610417 0.084375 0.104167
1 0.428906 0.742708 0.067187 0.118750
1 0.478906 0.714583 0.067187 0.120833
1 0.604688 0.362500 0.068750 0.087500
0 0.477344 0.366667 0.076563 0.108333
0 0.435156 0.429167 0.060937 0.100000
0 0.530469 0.398958 0.054688 0.081250
0 0.615625 0.486458 0.053125 0.110417
0 0.590625 0.627083 0.062500 0.108333
0 0.498437 0.810417 0.068750 0.087500
2 0.371875 0.434375 0.056250 0.093750
2 0.518750 0.464583 0.056250 0.087500
2 0.529687 0.575000 0.056250 0.100000
2 0.532031 0.675000 0.054688 0.095833
2 0.543750 0.762500 0.062500 0.112500
