1 0.786719 0.546875 0.120313 0.102083
1 0.415625 0.526042 0.084375 0.081250
1 0.398438 0.606250 0.090625 0.087500
1 0.380469 0.692708 0.098437 0.093750
1 0.474219 0.677083 0.095312 0.095833
2 0.275000 0.441667 0.100000 0.083333
2 0.567187 0.706250 0.093750 0.075000
2 0.576562 0.783333 0.140625 0.112500
2 0.622656 0.495833 0.098437 0.075000
2 0.483594 0.586458 0.082812 0.093750
0 0.469531 0.784375 0.101562 0.114583
0 0.623437 0.620833 0.118750 0.095833
0 0.679688 0.561458 0.115625 0.110417
0 0.642969 0.423958 0.114062 0.085417
0 0.520312 0.391667 0.128125 0.095833
0 0.493750 0.466667 0.115625 0.095833
