0 0.472656 0.316667 0.067187 0.095833
0 0.519531 0.364583 0.054688 0.087500
0 0.428906 0.384375 0.064062 0.081250
0 0.363281 0.486458 0.051562 0.085417
0 0.409375 0.601042 0.046875 0.093750
0 0.532813 0.738542 0.065625 0.072917
1 0.357031 0.371875 0.057813 0.077083
1 0.621875 0.455208 0.059375 0.122917
1 0.541406 0.532292 0.067187 0.081250
1 0.533594 0.637500 0.064062 0.091667
1 0.589063 0.642708 0.065625 0.110417
2 0.475781 0.701042 0.070312 0.110417
2 0.472656 0.626042 0.048438 0.085417
2 0.458594 0.527083 0.064062 0.091667
2 0.453125 0.427083 0.050000 0.087500
2 0.581250 0.348958 0.040625 0.097917
