1 0.689844 0.489583 0.123438 0.129167
1 0.575781 0.313542 0.092188 0.131250
1 0.474219 0.348958 0.079687 0.114583
1 0.524219 0.447917 0.098437 0.129167
1 0.264844 0.670833 0.085938 0.108333
0 0.293750 0.416667 0.087500 0.095833
0 0.253125 0.557292 0.103125 0.106250
0 0.380469 0.630208 0.085938 0.097917
0 0.481250 0.682292 0.109375 0.118750
0 0.547656 0.623958 0.085938 0.089583
0 0.450781 0.246875 0.095312 0.081250
2 0.369531 0.302083 0.092188 0.116667
2 0.387500 0.378125 0.084375 0.089583
2 0.394531 0.472917 0.082812 0.091667
2 0.408594 0.580208 0.082812 0.114583
2 0.650000 0.607292 0.087500 0.110417
