2 0.692969 0.729167 0.060937 0.079167
2 0.463281 0.667708 0.048438 0.102083
2 0.600000 0.413542 0.040625 0.089583
2 0.457813 0.522917 0.046875 0.087500
2 0.512500 0.458333 0.046875 0.079167
1 0.355469 0.480208 0.051562 0.093750
1 0.352344 0.754167 0.085938 0.075000
1 0.619531 0.805208 0.085938 0.097917
1 0.624219 0.712500 0.051562 0.083333
1 0.508594 0.650000 0.057813 0.095833
1 0.403906 0.704167 0.057813 0.041667
0 0.421094 0.483333 0.048438 0.075000
0 0.537500 0.580208 0.056250 0.077083
0 0.559375 0.436458 0.053125 0.106250
