2 0.411719 0.559375 0.110937 0.160417
2 0.546094 0.505208 0.073438 0.172917
2 0.600000 0.579167 0.103125 0.137500
2 0.457031 0.283333 0.098437 0.129167
2 0.614844 0.155208 0.079687 0.139583
1 0.682031 0.078125 0.079687 0.152083
1 0.733594 0.153125 0.085938 0.185417
1 0.680469 0.297917 0.079687 0.179167
1 0.635156 0.364583 0.076563 0.154167
1 0.410156 0.401042 0.098437 0.160417
0 0.400781 0.167708 0.095312 0.193750
0 0.476562 0.125000 0.090625 0.166667
0 0.547656 0.070833 0.079687 0.137500
0 0.572656 0.302083 0.064062 0.175000
0 0.699219 0.471875 0.070312 0.164583
0 0.471875 0.701042 0.081250 0.168750
