2 0.598437 0.544792 0.093750 0.081250
2 0.482031 0.564583 0.073438 0.070833
2 0.366406 0.414583 0.085938 0.083333
2 0.508594 0.703125 0.104688 0.068750
2 0.484375 0.767708 0.106250 0.122917
1 0.246094 0.482292 0.098437 0.097917
1 0.354687 0.607292 0.087500 0.081250
1 0.449219 0.660417 0.092188 0.083333
1 0.436719 0.505208 0.095312 0.089583
1 0.767969 0.507292 0.089063 0.097917
0 0.485938 0.420833 0.084375 0.120833
0 0.569531 0.411458 0.085938 0.127083
0 0.639062 0.493750 0.090625 0.091667
0 0.850000 0.679167 0.078125 0.120833
0 0.603125 0.703125 0.068750 0.114583
0 0.392969 0.782292 0.092188 0.097917
