2 0.592969 0.423958 0.101562 0.139583
2 0.627344 0.141667 0.110937 0.191667
2 0.953906 0.104167 0.092188 0.133333
2 0.712500 0.526042 0.084375 0.139583
2 0.879687 0.618750 0.078125 0.154167
1 0.401562 0.488542 0.115625 0.168750
1 0.738281 0.134375 0.117188 0.177083
1 0.437500 0.104167 0.106250 0.095833
1 0.427344 0.165625 0.098437 0.093750
0 0.722656 0.421875 0.092188 0.089583
0 0.735938 0.312500 0.090625 0.150000
0 0.819531 0.597917 0.117188 0.179167
0 0.519531 0.481250 0.089063 0.145833
0 0.846875 0.094792 0.087500 0.156250
