2 0.451562 0.326042 0.071875 0.106250
2 0.447656 0.400000 0.073438 0.079167
2 0.398438 0.506250 0.068750 0.083333
2 0.492969 0.594792 0.079687 0.064583
2 0.260156 0.634375 0.070312 0.093750
1 0.328906 0.406250 0.070312 0.075000
1 0.389844 0.420833 0.073438 0.079167
1 0.337500 0.480208 0.059375 0.097917
1 0.345313 0.551042 0.075000 0.072917
1 0.589063 0.554167 0.075000 0.087500
0 0.385937 0.318750 0.084375 0.108333
0 0.488281 0.481250 0.076563 0.070833
0 0.521875 0.530208 0.075000 0.077083
0 0.394531 0.617708 0.073438 0.077083
0 0.417969 0.676042 0.076563 0.081250
0 0.490625 0.658333 0.065625 0.087500
