2 0.739844 0.545833 0.104688 0.112500
2 0.827344 0.268750 0.110937 0.091667
2 0.442969 0.276042 0.114062 0.110417
2 0.407813 0.416667 0.109375 0.083333
1 0.548438 0.258333 0.121875 0.100000
1 0.726562 0.161458 0.125000 0.122917
1 0.165625 0.217708 0.109375 0.093750
0 0.174219 0.457292 0.129688 0.118750
0 0.317969 0.465625 0.104688 0.114583
0 0.582031 0.367708 0.104688 0.106250
0 0.649219 0.506250 0.129688 0.120833
1 0.709375 0.275000 0.100000 0.108333
2 0.550000 0.495833 0.112500 0.095833
1 0.256250 0.275000 0.103125 0.054167
1 0.254688 0.318750 0.118750 0.050000
