0 0.673438 0.515625 0.059375 0.147917
0 0.428125 0.402083 0.096875 0.129167
0 0.423438 0.318750 0.084375 0.120833
0 0.423438 0.047917 0.100000 0.091667
0 0.499219 0.041667 0.067187 0.079167
0 0.613281 0.286458 0.067187 0.168750
0 0.692969 0.055208 0.067187 0.106250
2 0.538281 0.129167 0.089063 0.145833
2 0.739062 0.576042 0.062500 0.143750
2 0.525781 0.475000 0.064062 0.191667
2 0.620313 0.052083 0.056250 0.095833
1 0.589063 0.525000 0.118750 0.204167
1 0.664844 0.804167 0.101562 0.187500
1 0.360938 0.540625 0.109375 0.156250
1 0.631250 0.130208 0.068750 0.110417
