2 0.453125 0.714583 0.071875 0.062500
2 0.447656 0.797917 0.048438 0.120833
2 0.408594 0.579167 0.054688 0.083333
2 0.469531 0.513542 0.048438 0.077083
2 0.306250 0.459375 0.065625 0.077083
0 0.369531 0.432292 0.054688 0.097917
0 0.422656 0.398958 0.042188 0.077083
0 0.478125 0.454167 0.056250 0.087500
0 0.633594 0.564583 0.073438 0.095833
0 0.509375 0.684375 0.075000 0.122917
0 0.407813 0.837500 0.065625 0.087500
1 0.559375 0.428125 0.059375 0.077083
1 0.363281 0.539583 0.051562 0.087500
1 0.262500 0.591667 0.081250 0.125000
1 0.339844 0.668750 0.064062 0.104167
1 0.400000 0.686458 0.068750 0.081250
