2 0.857812 0.295833 0.103125 0.116667
2 0.472656 0.277083 0.107813 0.125000
2 0.429688 0.433333 0.125000 0.091667
2 0.560156 0.498958 0.114062 0.110417
2 0.742188 0.569792 0.118750 0.114583
1 0.203125 0.457292 0.143750 0.143750
1 0.767188 0.186458 0.131250 0.110417
1 0.582812 0.275000 0.121875 0.104167
1 0.731250 0.301042 0.084375 0.097917
1 0.210938 0.211458 0.121875 0.081250
1 0.292969 0.276042 0.101562 0.068750
1 0.292969 0.323958 0.085938 0.077083
0 0.345313 0.470833 0.093750 0.116667
0 0.667969 0.527083 0.135937 0.133333
0 0.593750 0.391667 0.106250 0.100000
