1 0.303906 0.479167 0.070312 0.116667
1 0.420312 0.439583 0.081250 0.112500
1 0.382031 0.313542 0.070312 0.114583
1 0.446875 0.327083 0.084375 0.095833
1 0.621875 0.630208 0.081250 0.110417
0 0.595313 0.397917 0.068750 0.108333
0 0.636719 0.517708 0.076563 0.106250
0 0.537500 0.610417 0.078125 0.070833
0 0.408594 0.600000 0.070312 0.066667
0 0.460156 0.648958 0.073438 0.093750
0 0.467187 0.240625 0.087500 0.089583
2 0.529687 0.293750 0.056250 0.112500
2 0.525000 0.367708 0.062500 0.085417
2 0.515625 0.458333 0.071875 0.095833
2 0.513281 0.553125 0.054688 0.068750
2 0.339844 0.595833 0.079687 0.091667
