1 0.592187 0.744792 0.084375 0.093750
1 0.354687 0.923958 0.100000 0.139583
1 0.325000 0.772917 0.062500 0.108333
1 0.532813 0.679167 0.059375 0.095833
1 0.425000 0.620833 0.062500 0.154167
1 0.550781 0.239583 0.067187 0.137500
0 0.388281 0.504167 0.057813 0.133333
0 0.348438 0.232292 0.056250 0.152083
0 0.485938 0.292708 0.065625 0.110417
2 0.258594 0.816667 0.057813 0.125000
2 0.464062 0.629167 0.056250 0.170833
2 0.298438 0.227083 0.071875 0.154167
2 0.393750 0.270833 0.050000 0.129167
2 0.460156 0.361458 0.051562 0.122917
