0 0.600781 0.479167 0.054688 0.137500
0 0.468750 0.279167 0.056250 0.104167
0 0.629687 0.171875 0.078125 0.127083
1 0.366406 0.804167 0.104688 0.141667
1 0.439844 0.720833 0.079687 0.091667
1 0.440625 0.661458 0.053125 0.089583
1 0.695312 0.752083 0.081250 0.133333
1 0.690625 0.921875 0.084375 0.152083
1 0.564844 0.618750 0.076563 0.166667
1 0.389062 0.270833 0.075000 0.154167
1 0.617969 0.391667 0.057813 0.108333
2 0.682813 0.165625 0.068750 0.164583
2 0.575000 0.246875 0.068750 0.156250
2 0.505469 0.345833 0.073438 0.120833
2 0.517188 0.641667 0.050000 0.158333
2 0.775000 0.780208 0.090625 0.135417
