2 0.542969 0.264583 0.132812 0.095833
2 0.426563 0.285417 0.137500 0.125000
2 0.200781 0.202083 0.195312 0.112500
2 0.179688 0.367708 0.159375 0.089583
2 0.432812 0.496875 0.137500 0.106250
0 0.349219 0.160417 0.132812 0.166667
0 0.714063 0.370833 0.140625 0.125000
0 0.403906 0.394792 0.173437 0.127083
0 0.266406 0.527083 0.167187 0.095833
0 0.182812 0.456250 0.181250 0.104167
0 0.050000 0.396875 0.096875 0.102083
1 0.139844 0.287500 0.157812 0.104167
1 0.532031 0.391667 0.123438 0.108333
1 0.610938 0.447917 0.143750 0.112500
1 0.666406 0.550000 0.145313 0.112500
1 0.532031 0.581250 0.132812 0.125000
