2 0.523438 0.336458 0.050000 0.131250
2 0.530469 0.430208 0.076563 0.089583
2 0.535156 0.532292 0.085938 0.106250
2 0.543750 0.646875 0.068750 0.093750
2 0.703906 0.688542 0.060937 0.097917
1 0.593750 0.391667 0.059375 0.108333
1 0.657031 0.369792 0.060937 0.131250
1 0.621875 0.507292 0.068750 0.106250
1 0.732812 0.558333 0.059375 0.125000
1 0.440625 0.740625 0.084375 0.089583
0 0.435156 0.619792 0.067187 0.114583
0 0.526563 0.707292 0.078125 0.085417
0 0.585938 0.763542 0.071875 0.118750
0 0.635156 0.686458 0.089063 0.097917
0 0.471875 0.482292 0.065625 0.127083
0 0.579688 0.283333 0.081250 0.087500
