1 0.308594 0.451042 0.076563 0.122917
1 0.424219 0.452083 0.070312 0.108333
1 0.409375 0.315625 0.059375 0.093750
1 0.465625 0.358333 0.059375 0.108333
0 0.493750 0.285417 0.062500 0.087500
0 0.568750 0.465625 0.078125 0.097917
0 0.573438 0.591667 0.078125 0.100000
0 0.545312 0.690625 0.068750 0.089583
0 0.480469 0.634375 0.054688 0.068750
0 0.409375 0.671875 0.084375 0.085417
0 0.383594 0.596875 0.051562 0.085417
2 0.319531 0.578125 0.051562 0.064583
2 0.467187 0.580208 0.056250 0.081250
2 0.494531 0.498958 0.048438 0.093750
2 0.511719 0.412500 0.054688 0.087500
2 0.532031 0.338542 0.057813 0.097917
