2 0.239063 0.486458 0.056250 0.097917
2 0.214062 0.840625 0.075000 0.077083
2 0.470313 0.780208 0.084375 0.118750
2 0.481250 0.589583 0.103125 0.100000
2 0.374219 0.528125 0.079687 0.089583
0 0.292969 0.500000 0.085938 0.108333
0 0.530469 0.539583 0.067187 0.100000
0 0.382031 0.670833 0.095312 0.087500
1 0.370312 0.594792 0.078125 0.072917
1 0.389844 0.792708 0.126562 0.135417
1 0.307031 0.831250 0.073438 0.087500
1 0.643750 0.791667 0.096875 0.070833
1 0.632031 0.744792 0.064062 0.043750
1 0.625000 0.527083 0.115625 0.129167
