1 0.652344 0.222917 0.082812 0.150000
1 0.330469 0.504167 0.098437 0.200000
1 0.442188 0.611458 0.093750 0.160417
1 0.411719 0.877083 0.064062 0.183333
1 0.483594 0.836458 0.070312 0.193750
2 0.367969 0.278125 0.070312 0.152083
2 0.541406 0.369792 0.070312 0.152083
2 0.546094 0.586458 0.076563 0.147917
2 0.546094 0.768750 0.079687 0.137500
2 0.556250 0.909375 0.071875 0.181250
0 0.613281 0.687500 0.082812 0.191667
0 0.660937 0.446875 0.078125 0.193750
0 0.561719 0.270833 0.089063 0.125000
0 0.495312 0.160417 0.068750 0.154167
0 0.447656 0.271875 0.076563 0.131250
