1 0.396094 0.238542 0.073438 0.122917
1 0.442188 0.325000 0.062500 0.087500
1 0.440625 0.389583 0.056250 0.070833
1 0.532813 0.419792 0.053125 0.172917
1 0.614844 0.110417 0.060937 0.145833
1 0.622656 0.284375 0.060937 0.135417
2 0.678125 0.259375 0.059375 0.131250
2 0.496094 0.403125 0.048438 0.160417
2 0.489844 0.702083 0.051562 0.133333
2 0.541406 0.811458 0.048438 0.131250
2 0.621875 0.898958 0.050000 0.164583
0 0.556250 0.567708 0.040625 0.152083
0 0.582031 0.864583 0.045312 0.183333
0 0.404687 0.806250 0.046875 0.175000
0 0.464844 0.780208 0.045312 0.139583
