0 0.342187 0.519792 0.065625 0.177083
0 0.421094 0.592708 0.079687 0.152083
0 0.461719 0.713542 0.082812 0.189583
0 0.514062 0.470833 0.059375 0.158333
0 0.642188 0.373958 0.056250 0.156250
0 0.468750 0.059375 0.068750 0.114583
2 0.400000 0.125000 0.106250 0.141667
2 0.566406 0.205208 0.110937 0.135417
2 0.513281 0.262500 0.082812 0.170833
2 0.410938 0.429167 0.078125 0.129167
2 0.533594 0.642708 0.064062 0.160417
1 0.387500 0.290625 0.084375 0.156250
1 0.568750 0.440625 0.059375 0.164583
1 0.610938 0.530208 0.062500 0.197917
1 0.584375 0.770833 0.068750 0.191667
1 0.642969 0.713542 0.070312 0.185417
