1 0.663281 0.426042 0.120313 0.177083
1 0.579688 0.820833 0.128125 0.104167
1 0.591406 0.748958 0.095312 0.089583
1 0.251563 0.745833 0.125000 0.187500
1 0.288281 0.454167 0.104688 0.079167
1 0.131250 0.754167 0.071875 0.137500
2 0.030469 0.750000 0.057813 0.104167
2 0.365625 0.761458 0.121875 0.185417
2 0.444531 0.473958 0.107813 0.118750
2 0.318750 0.342708 0.090625 0.131250
2 0.150781 0.234375 0.082812 0.160417
0 0.210156 0.275000 0.114062 0.162500
0 0.526563 0.412500 0.103125 0.145833
0 0.278906 0.571875 0.114062 0.143750
