2 0.624219 0.434375 0.064062 0.089583
2 0.461719 0.587500 0.057813 0.079167
2 0.546094 0.629167 0.039062 0.095833
2 0.536719 0.761458 0.067187 0.072917
2 0.545312 0.841667 0.075000 0.108333
0 0.492188 0.457292 0.068750 0.081250
0 0.442969 0.520833 0.064062 0.087500
0 0.522656 0.523958 0.057813 0.089583
0 0.452344 0.665625 0.064062 0.081250
0 0.486719 0.702083 0.054688 0.108333
0 0.592187 0.817708 0.050000 0.093750
1 0.397656 0.675000 0.067187 0.104167
1 0.566406 0.556250 0.054688 0.087500
1 0.596875 0.625000 0.062500 0.095833
1 0.565625 0.718750 0.059375 0.104167
1 0.617188 0.702083 0.065625 0.083333
