1 0.303125 0.401042 0.100000 0.114583
1 0.381250 0.365625 0.084375 0.127083
1 0.341406 0.516667 0.107813 0.129167
1 0.402344 0.584375 0.089063 0.118750
1 0.678125 0.681250 0.106250 0.108333
0 0.560156 0.853125 0.142187 0.156250
0 0.735938 0.531250 0.103125 0.145833
0 0.559375 0.406250 0.121875 0.125000
0 0.625000 0.479167 0.125000 0.100000
0 0.485938 0.566667 0.100000 0.125000
0 0.285156 0.623958 0.095312 0.127083
2 0.407813 0.738542 0.087500 0.106250
2 0.480469 0.697917 0.085938 0.129167
2 0.633594 0.592708 0.114062 0.097917
2 0.648438 0.791667 0.134375 0.108333
2 0.452344 0.441667 0.095312 0.116667
