2 0.298438 0.258333 0.065625 0.133333
2 0.248438 0.610417 0.062500 0.087500
2 0.446875 0.613542 0.062500 0.118750
2 0.467187 0.427083 0.065625 0.087500
2 0.399219 0.346875 0.054688 0.081250
0 0.340625 0.318750 0.081250 0.116667
0 0.383594 0.496875 0.076563 0.093750
1 0.315625 0.597917 0.050000 0.079167
1 0.296875 0.742708 0.081250 0.110417
1 0.390625 0.637500 0.075000 0.100000
1 0.592187 0.694792 0.087500 0.102083
1 0.544531 0.615625 0.060937 0.064583
1 0.540625 0.555208 0.046875 0.052083
0 0.514062 0.376042 0.062500 0.102083
0 0.590625 0.391667 0.090625 0.112500
