0 0.523438 0.371875 0.087500 0.089583
0 0.598437 0.329167 0.106250 0.079167
0 0.693750 0.380208 0.096875 0.068750
0 0.826562 0.462500 0.084375 0.083333
0 0.748437 0.569792 0.084375 0.093750
0 0.553125 0.697917 0.103125 0.083333
1 0.349219 0.463542 0.120313 0.085417
1 0.511719 0.516667 0.092188 0.075000
1 0.442188 0.627083 0.090625 0.095833
1 0.547656 0.612500 0.110937 0.083333
1 0.827344 0.365625 0.101562 0.072917
2 0.415625 0.368750 0.087500 0.083333
2 0.660156 0.431250 0.085938 0.083333
2 0.651563 0.515625 0.100000 0.068750
2 0.644531 0.593750 0.101562 0.066667
2 0.642188 0.665625 0.093750 0.093750
