1 0.198437 0.457292 0.103125 0.122917
1 0.482812 0.290625 0.087500 0.110417
1 0.573438 0.272917 0.100000 0.087500
1 0.564063 0.371875 0.121875 0.097917
1 0.544531 0.462500 0.095312 0.091667
0 0.346875 0.356250 0.103125 0.104167
0 0.292187 0.422917 0.106250 0.087500
0 0.326562 0.588542 0.090625 0.089583
0 0.473438 0.529167 0.103125 0.104167
0 0.450781 0.618750 0.132812 0.095833
0 0.500000 0.164583 0.106250 0.108333
2 0.385937 0.176042 0.103125 0.118750
2 0.406250 0.258333 0.106250 0.075000
2 0.478906 0.393750 0.082812 0.095833
2 0.678906 0.571875 0.101562 0.114583
2 0.344531 0.497917 0.095312 0.083333
