0 0.549219 0.547917 0.054688 0.100000
0 0.420312 0.460417 0.053125 0.070833
0 0.559375 0.395833 0.053125 0.091667
1 0.353906 0.464583 0.064062 0.091667
1 0.372656 0.742708 0.070312 0.056250
1 0.651563 0.755208 0.071875 0.085417
1 0.651563 0.672917 0.053125 0.079167
1 0.419531 0.686458 0.054688 0.047917
1 0.526563 0.627083 0.065625 0.087500
2 0.599219 0.376042 0.076563 0.097917
2 0.719531 0.672917 0.060937 0.070833
2 0.485938 0.637500 0.053125 0.091667
2 0.460156 0.487500 0.048438 0.083333
2 0.510156 0.430208 0.054688 0.085417
