1 0.363281 0.543750 0.067187 0.095833
1 0.615625 0.542708 0.068750 0.081250
1 0.628125 0.464583 0.084375 0.079167
1 0.632031 0.385417 0.073438 0.079167
1 0.571875 0.402083 0.071875 0.104167
0 0.571875 0.302083 0.075000 0.108333
0 0.476562 0.466667 0.084375 0.091667
0 0.439063 0.523958 0.103125 0.089583
0 0.464062 0.665625 0.078125 0.089583
0 0.553906 0.685417 0.092188 0.079167
0 0.570312 0.615625 0.075000 0.093750
2 0.476562 0.588542 0.090625 0.097917
2 0.561719 0.501042 0.060937 0.106250
2 0.511719 0.377083 0.064062 0.070833
2 0.503125 0.293750 0.071875 0.112500
2 0.714063 0.638542 0.059375 0.093750
