0 0.370312 0.526042 0.081250 0.106250
0 0.464844 0.541667 0.085938 0.100000
0 0.533594 0.586458 0.076563 0.114583
0 0.554688 0.435417 0.068750 0.104167
0 0.688281 0.325000 0.073438 0.108333
0 0.441406 0.226042 0.073438 0.102083
2 0.387500 0.306250 0.115625 0.091667
2 0.437500 0.454167 0.087500 0.087500
2 0.527344 0.317708 0.073438 0.097917
2 0.574219 0.280208 0.082812 0.068750
2 0.607812 0.509375 0.075000 0.089583
1 0.387500 0.392708 0.078125 0.089583
1 0.614844 0.403125 0.060937 0.097917
1 0.670312 0.437500 0.084375 0.116667
1 0.735156 0.517708 0.095312 0.110417
1 0.679688 0.567708 0.090625 0.114583
