2 0.545312 0.290625 0.087500 0.102083
2 0.546094 0.363542 0.095312 0.081250
2 0.564063 0.446875 0.106250 0.089583
2 0.560937 0.535417 0.093750 0.079167
2 0.295312 0.605208 0.109375 0.089583
1 0.317188 0.321875 0.100000 0.097917
1 0.221875 0.503125 0.109375 0.118750
1 0.396875 0.440625 0.093750 0.085417
1 0.431250 0.341667 0.096875 0.091667
1 0.750781 0.596875 0.110937 0.085417
0 0.441406 0.245833 0.110937 0.091667
0 0.657813 0.377083 0.100000 0.112500
0 0.753906 0.491667 0.104688 0.108333
0 0.609375 0.580208 0.103125 0.085417
0 0.414844 0.594792 0.101562 0.089583
0 0.508594 0.639583 0.123438 0.108333
