2 0.729688 0.219792 0.062500 0.110417
2 0.498437 0.246875 0.050000 0.139583
2 0.470313 0.488542 0.046875 0.114583
2 0.516406 0.595833 0.051562 0.108333
2 0.601562 0.695833 0.053125 0.125000
1 0.364063 0.528125 0.071875 0.127083
1 0.543750 0.278125 0.062500 0.147917
1 0.662500 0.062500 0.087500 0.120833
1 0.396094 0.059375 0.060937 0.102083
1 0.444531 0.148958 0.057813 0.081250
1 0.439844 0.207292 0.057813 0.064583
1 0.663281 0.204167 0.048438 0.125000
0 0.560156 0.416667 0.060937 0.154167
0 0.553125 0.676042 0.062500 0.131250
0 0.432812 0.525000 0.050000 0.112500
0 0.564063 0.483333 0.056250 0.087500
