2 0.253906 0.400000 0.104688 0.125000
2 0.632812 0.459375 0.112500 0.143750
2 0.619531 0.672917 0.120313 0.112500
2 0.467969 0.736458 0.107813 0.118750
2 0.257812 0.793750 0.131250 0.145833
1 0.377344 0.423958 0.085938 0.110417
1 0.405469 0.268750 0.145313 0.154167
1 0.529687 0.426042 0.115625 0.118750
1 0.818750 0.503125 0.103125 0.097917
1 0.930469 0.423958 0.139063 0.110417
1 0.817969 0.564583 0.107813 0.100000
1 0.844531 0.768750 0.170313 0.145833
0 0.475000 0.578125 0.125000 0.131250
0 0.342969 0.755208 0.139063 0.131250
0 0.683594 0.750000 0.107813 0.120833
