1 0.369531 0.280208 0.092188 0.131250
1 0.574219 0.505208 0.082812 0.160417
1 0.641406 0.523958 0.082812 0.127083
1 0.636719 0.403125 0.085938 0.127083
1 0.623437 0.280208 0.081250 0.135417
0 0.436719 0.317708 0.085938 0.114583
0 0.475000 0.407292 0.084375 0.131250
0 0.575000 0.667708 0.078125 0.127083
0 0.573438 0.171875 0.090625 0.122917
0 0.564844 0.078125 0.114062 0.110417
0 0.471094 0.103125 0.095312 0.139583
2 0.477344 0.216667 0.079687 0.116667
2 0.726562 0.148958 0.075000 0.139583
2 0.571875 0.358333 0.065625 0.141667
2 0.515625 0.544792 0.081250 0.131250
2 0.503125 0.665625 0.093750 0.168750
