1 0.448437 0.252083 0.056250 0.075000
1 0.699219 0.271875 0.067187 0.072917
1 0.614062 0.337500 0.056250 0.083333
1 0.481250 0.326042 0.056250 0.060417
1 0.471875 0.361458 0.050000 0.056250
2 0.564063 0.340625 0.043750 0.089583
2 0.724219 0.386458 0.048438 0.072917
2 0.647656 0.636458 0.064062 0.097917
2 0.574219 0.553125 0.060937 0.097917
2 0.525000 0.480208 0.059375 0.077083
0 0.420312 0.494792 0.075000 0.106250
0 0.477344 0.509375 0.051562 0.089583
0 0.603125 0.451042 0.046875 0.089583
1 0.675000 0.386458 0.034375 0.089583
