2 0.283594 0.237500 0.076563 0.100000
2 0.631250 0.364583 0.093750 0.137500
2 0.602344 0.514583 0.085938 0.079167
2 0.489844 0.559375 0.085938 0.102083
2 0.335938 0.580208 0.081250 0.122917
1 0.420312 0.175000 0.118750 0.100000
1 0.379688 0.262500 0.084375 0.083333
1 0.732812 0.325000 0.090625 0.079167
1 0.831250 0.300000 0.109375 0.087500
1 0.454688 0.476042 0.062500 0.081250
0 0.415625 0.572917 0.078125 0.108333
0 0.489063 0.428125 0.075000 0.102083
0 0.638281 0.558333 0.073438 0.091667
0 0.757031 0.590625 0.101562 0.102083
