2 0.224219 0.345833 0.073438 0.095833
2 0.355469 0.371875 0.067187 0.097917
2 0.455469 0.429167 0.076563 0.083333
2 0.472656 0.593750 0.085938 0.116667
2 0.171094 0.729167 0.092188 0.104167
1 0.260156 0.695833 0.082812 0.091667
1 0.296875 0.801042 0.103125 0.110417
1 0.667188 0.662500 0.084375 0.083333
1 0.582812 0.633333 0.106250 0.083333
1 0.330469 0.463542 0.073438 0.064583
1 0.416406 0.597917 0.076563 0.116667
0 0.589844 0.359375 0.095312 0.089583
0 0.495312 0.377083 0.065625 0.104167
0 0.295312 0.354167 0.093750 0.145833
0 0.358594 0.521875 0.073438 0.110417
