0 0.425000 0.278125 0.131250 0.139583
0 0.569531 0.208333 0.107813 0.150000
0 0.681250 0.268750 0.115625 0.150000
0 0.366406 0.609375 0.120313 0.156250
0 0.056250 0.448958 0.109375 0.168750
0 0.625781 0.823958 0.145313 0.131250
1 0.244531 0.253125 0.126562 0.156250
1 0.695312 0.408333 0.115625 0.129167
1 0.955469 0.487500 0.089063 0.125000
1 0.775781 0.601042 0.154688 0.122917
1 0.620313 0.631250 0.143750 0.166667
2 0.505469 0.651042 0.120313 0.114583
2 0.506250 0.769792 0.118750 0.164583
2 0.609375 0.465625 0.109375 0.143750
2 0.852344 0.323958 0.101562 0.156250
2 0.457813 0.390625 0.115625 0.131250
