2 0.524219 0.646875 0.076563 0.118750
2 0.453125 0.688542 0.100000 0.118750
2 0.692187 0.726042 0.125000 0.106250
2 0.687500 0.540625 0.103125 0.106250
2 0.492188 0.409375 0.087500 0.106250
0 0.329688 0.564583 0.100000 0.095833
0 0.530469 0.527083 0.092188 0.116667
0 0.610156 0.371875 0.095312 0.118750
0 0.678906 0.440625 0.114062 0.089583
0 0.787500 0.506250 0.090625 0.133333
0 0.596094 0.786458 0.107813 0.131250
1 0.729688 0.627083 0.100000 0.091667
1 0.337500 0.370833 0.090625 0.112500
1 0.421875 0.337500 0.096875 0.129167
1 0.390625 0.460417 0.115625 0.116667
1 0.440625 0.537500 0.081250 0.095833
