0 0.206468 0.525000 0.194030 0.190000
0 0.587065 0.200000 0.169154 0.160000
1 0.315920 0.687500 0.164179 0.175000
1 0.524876 0.592500 0.174129 0.175000
1 0.691542 0.530000 0.159204 0.180000
1 0.853234 0.520000 0.164179 0.160000
1 0.380597 0.817500 0.194030 0.195000
1 0.564677 0.810000 0.174129 0.200000
1 0.243781 0.082500 0.169154 0.155000
0 0.696517 0.087500 0.149254 0.145000
0 0.388060 0.185000 0.169154 0.170000
2 0.373134 0.302500 0.149254 0.125000
2 0.455224 0.380000 0.154229 0.130000
2 0.587065 0.350000 0.099502 0.110000
2 0.584577 0.455000 0.124378 0.100000
