2 0.249091 0.267760 0.105455 0.142077
2 0.327273 0.213115 0.094545 0.153005
2 0.249091 0.418033 0.112727 0.158470
2 0.329091 0.363388 0.098182 0.136612
2 0.267273 0.562842 0.112727 0.153005
2 0.358182 0.590164 0.083636 0.153005
2 0.440000 0.587432 0.101818 0.147541
2 0.430909 0.734973 0.098182 0.147541
2 0.550909 0.601093 0.090909 0.131148
2 0.645455 0.713115 0.090909 0.147541
2 0.438182 0.860656 0.098182 0.125683
2 0.518182 0.893443 0.069091 0.125683
2 0.638182 0.863388 0.090909 0.142077
2 0.827273 0.224044 0.120000 0.185792
2 0.885455 0.374317 0.120000 0.158470
2 0.789091 0.065574 0.101818 0.120219
2 0.960000 0.579235 0.072727 0.163934
2 0.969091 0.349727 0.061818 0.218579
1 0.630909 0.418033 0.112727 0.158470
1 0.429091 0.415301 0.065455 0.076503
1 0.256364 0.120219 0.149091 0.174863
