0 0.369167 0.136667 0.155000 0.143333
0 0.490000 0.071667 0.140000 0.136667
0 0.234167 0.166667 0.141667 0.140000
0 0.394167 0.284167 0.135000 0.141667
0 0.530000 0.199167 0.153333 0.125000
0 0.210000 0.302500 0.130000 0.135000
0 0.451667 0.589167 0.136667 0.138333
0 0.713333 0.591667 0.133333 0.120000
0 0.365000 0.731667 0.110000 0.116667
0 0.506667 0.755833 0.143333 0.125000
0 0.755833 0.744167 0.131667 0.118333
1 0.399167 0.886667 0.101667 0.113333
1 0.619167 0.867500 0.115000 0.115000
1 0.766667 0.884167 0.100000 0.115000
1 0.261667 0.836667 0.116667 0.110000
2 0.509167 0.380000 0.098333 0.090000
2 0.624167 0.361667 0.108333 0.106667
2 0.541667 0.446667 0.120000 0.100000
2 0.426667 0.404167 0.133333 0.135000
2 0.224167 0.911667 0.098333 0.090000
2 0.631667 0.966667 0.103333 0.050000
