0 0.118000 0.613750 0.080000 0.067500
0 0.264000 0.685000 0.076000 0.085000
0 0.195000 0.636250 0.074000 0.082500
0 0.710000 0.703750 0.076000 0.092500
0 0.725000 0.786250 0.086000 0.097500
0 0.264000 0.751250 0.072000 0.072500
0 0.328000 0.748750 0.068000 0.087500
0 0.117000 0.687500 0.074000 0.075000
0 0.279000 0.608750 0.078000 0.102500
1 0.706000 0.206250 0.084000 0.097500
2 0.732000 0.295000 0.076000 0.090000
2 0.816000 0.315000 0.084000 0.090000
2 0.755000 0.382500 0.074000 0.075000
2 0.822000 0.395000 0.072000 0.080000
2 0.775000 0.451250 0.070000 0.082500
