0 0.696354 0.379297 0.160417 0.283594
0 0.563021 0.257031 0.166667 0.204687
0 0.567708 0.507031 0.156250 0.234375
0 0.471354 0.661719 0.173958 0.207813
0 0.452083 0.881250 0.187500 0.237500
0 0.783073 0.776563 0.143229 0.235937
0 0.895573 0.719141 0.154688 0.272656
0 0.872135 0.909766 0.155729 0.180469
0 0.867708 0.163281 0.167708 0.256250
0 0.749740 0.128125 0.224479 0.215625
0 0.408073 0.501172 0.140104 0.235156
0 0.294271 0.667578 0.116667 0.213281
0 0.189844 0.616016 0.123438 0.191406
0 0.214844 0.793750 0.158854 0.157812
0 0.257292 0.360547 0.129167 0.219531
0 0.176042 0.265625 0.141667 0.173437
0 0.211458 0.416016 0.134375 0.171094
0 0.300000 0.171094 0.118750 0.164062
2 0.310417 0.919141 0.104167 0.161719
2 0.344010 0.807031 0.108854 0.171875
