0 0.501667 0.520000 0.123333 0.240000
0 0.455556 0.761667 0.137778 0.243333
0 0.433889 0.400000 0.134444 0.220000
0 0.530556 0.317500 0.136667 0.235000
0 0.276667 0.250833 0.142222 0.205000
0 0.323889 0.449167 0.130000 0.201667
0 0.313333 0.654167 0.124444 0.195000
0 0.342778 0.765000 0.116667 0.243333
0 0.867222 0.772500 0.101111 0.198333
2 0.709444 0.482500 0.105556 0.198333
1 0.788889 0.629167 0.095556 0.181667
0 0.813889 0.545000 0.074444 0.156667
0 0.964444 0.680833 0.071111 0.161667
0 0.981667 0.758333 0.036667 0.130000
0 0.883333 0.870833 0.093333 0.185000
2 0.959444 0.875833 0.081111 0.151667
1 0.035556 0.559167 0.068889 0.198333
1 0.028333 0.348333 0.054444 0.203333
1 0.060000 0.598333 0.115556 0.256667
2 0.071667 0.403333 0.103333 0.183333
