0 0.628425 0.540000 0.195205 0.250000
0 0.613014 0.755000 0.178082 0.230000
0 0.470890 0.602500 0.140411 0.235000
0 0.424658 0.402500 0.184932 0.255000
0 0.419521 0.180000 0.181507 0.260000
0 0.674658 0.282500 0.191781 0.285000
0 0.638699 0.100000 0.174658 0.190000
0 0.273973 0.242500 0.150685 0.215000
0 0.446918 0.735000 0.154110 0.210000
0 0.738014 0.607500 0.160959 0.255000
1 0.273973 0.462500 0.164384 0.195000
2 0.212329 0.560000 0.136986 0.180000
2 0.248288 0.717500 0.147260 0.185000
2 0.299658 0.850000 0.092466 0.150000
2 0.150685 0.327500 0.089041 0.115000
2 0.169521 0.197500 0.085616 0.125000
2 0.164384 0.410000 0.075342 0.110000
2 0.066781 0.370000 0.085616 0.100000
2 0.056507 0.472500 0.092466 0.105000
0 0.077055 0.242500 0.092466 0.115000
0 0.107877 0.085000 0.085616 0.130000
0 0.253425 0.060000 0.136986 0.110000
