0 0.471667 0.665000 0.176667 0.210000
0 0.566667 0.490000 0.133333 0.200000
0 0.695000 0.377500 0.150000 0.275000
0 0.560000 0.260000 0.153333 0.190000
0 0.455000 0.885000 0.136667 0.230000
0 0.773333 0.770000 0.146667 0.200000
0 0.895000 0.722500 0.150000 0.235000
0 0.878333 0.907500 0.156667 0.155000
0 0.413333 0.530000 0.133333 0.220000
0 0.196667 0.622500 0.126667 0.185000
0 0.210000 0.792500 0.120000 0.155000
0 0.298333 0.665000 0.110000 0.170000
0 0.261667 0.360000 0.116667 0.200000
0 0.171667 0.257500 0.123333 0.145000
0 0.211667 0.402500 0.096667 0.175000
0 0.853333 0.160000 0.160000 0.250000
