0 0.360132 0.320661 0.081498 0.069421
0 0.460352 0.281818 0.074890 0.064463
0 0.471366 0.356198 0.083700 0.061157
0 0.371145 0.377686 0.090308 0.064463
0 0.483480 0.410744 0.094714 0.057851
1 0.359031 0.428099 0.105727 0.066116
1 0.490088 0.461157 0.094714 0.076033
1 0.388767 0.494215 0.107930 0.056198
1 0.406388 0.548760 0.090308 0.049587
1 0.486784 0.516529 0.083700 0.047934
2 0.426211 0.621488 0.072687 0.056198
2 0.479075 0.615702 0.063877 0.061157
2 0.482379 0.564463 0.070485 0.054545
0 0.360132 0.679339 0.090308 0.056198
0 0.331498 0.844628 0.107930 0.069421
0 0.289648 0.876033 0.094714 0.066116
0 0.874449 0.141322 0.057269 0.051240
0 0.646476 0.179339 0.055066 0.041322
2 0.682819 0.225620 0.052863 0.034711
1 0.675110 0.257851 0.046256 0.036364
1 0.687225 0.189256 0.039648 0.028099
0 0.943833 0.665289 0.090308 0.067769
0 0.328194 0.738843 0.096916 0.056198
