2 0.665000 0.392500 0.110000 0.120000
2 0.759000 0.346250 0.102000 0.127500
2 0.698000 0.240000 0.108000 0.115000
2 0.817000 0.222500 0.118000 0.145000
2 0.728000 0.123750 0.112000 0.112500
1 0.855000 0.080000 0.114000 0.130000
2 0.358000 0.660000 0.176000 0.170000
1 0.376000 0.451250 0.160000 0.172500
1 0.385000 0.226250 0.142000 0.162500
1 0.466000 0.323750 0.132000 0.157500
1 0.258000 0.113750 0.064000 0.072500
1 0.471000 0.135000 0.150000 0.175000
0 0.731000 0.547500 0.102000 0.110000
0 0.747000 0.655000 0.106000 0.115000
0 0.738000 0.781250 0.120000 0.122500
0 0.725000 0.890000 0.134000 0.120000
0 0.282000 0.042500 0.060000 0.060000
