0 0.641250 0.557000 0.112500 0.098000
0 0.626250 0.636000 0.102500 0.080000
0 0.720000 0.627000 0.095000 0.086000
0 0.681250 0.700000 0.112500 0.092000
0 0.707500 0.425000 0.085000 0.058000
0 0.593750 0.501000 0.072500 0.058000
1 0.542500 0.249000 0.090000 0.078000
0 0.562500 0.170000 0.115000 0.112000
2 0.643750 0.274000 0.047500 0.052000
2 0.675000 0.311000 0.080000 0.066000
0 0.615000 0.070000 0.105000 0.080000
0 0.327500 0.468000 0.055000 0.052000
0 0.270000 0.483000 0.075000 0.054000
0 0.346250 0.416000 0.082500 0.060000
0 0.692500 0.485000 0.115000 0.070000
0 0.445000 0.297000 0.055000 0.058000
0 0.887500 0.292000 0.060000 0.060000
1 0.705000 0.218000 0.105000 0.084000
