0 0.198000 0.865000 0.168000 0.210000
2 0.356000 0.466250 0.124000 0.137500
2 0.357000 0.293750 0.170000 0.187500
2 0.311000 0.115000 0.166000 0.155000
2 0.234000 0.240000 0.136000 0.175000
2 0.145000 0.088750 0.146000 0.132500
2 0.251000 0.032500 0.138000 0.060000
2 0.070000 0.180000 0.096000 0.115000
0 0.448000 0.617500 0.104000 0.105000
1 0.396000 0.682500 0.104000 0.095000
1 0.492000 0.728750 0.108000 0.117500
1 0.439000 0.797500 0.094000 0.095000
0 0.522000 0.896250 0.116000 0.117500
0 0.464000 0.932500 0.096000 0.105000
0 0.427000 0.503750 0.074000 0.082500
0 0.106000 0.525000 0.064000 0.065000
0 0.085000 0.377500 0.050000 0.070000
0 0.095000 0.468750 0.054000 0.062500
0 0.819000 0.305000 0.070000 0.080000
0 0.465000 0.425000 0.050000 0.050000
0 0.518000 0.443750 0.048000 0.062500
0 0.521000 0.501250 0.050000 0.057500
0 0.505000 0.390000 0.050000 0.055000
0 0.482000 0.475000 0.044000 0.050000
0 0.491000 0.343750 0.062000 0.072500
0 0.664000 0.536250 0.048000 0.042500
0 0.790000 0.343750 0.052000 0.057500
0 0.798000 0.422500 0.064000 0.080000
0 0.666000 0.408750 0.040000 0.057500
