0 0.281421 0.485455 0.158470 0.112727
0 0.461749 0.489091 0.147541 0.112727
0 0.756831 0.240000 0.147541 0.109091
0 0.827869 0.200000 0.158470 0.101818
2 0.713115 0.376364 0.158470 0.112727
2 0.710383 0.509091 0.109290 0.072727
2 0.893443 0.438182 0.147541 0.098182
2 0.882514 0.507273 0.125683 0.069091
2 0.849727 0.569091 0.114754 0.090909
0 0.314208 0.710909 0.191257 0.098182
0 0.314208 0.607273 0.180328 0.130909
0 0.565574 0.350909 0.114754 0.090909
0 0.543716 0.445455 0.158470 0.076364
0 0.713115 0.836364 0.191257 0.116364
0 0.767760 0.929091 0.191257 0.134545
2 0.371585 0.816364 0.131148 0.076364
0 0.926230 0.920000 0.147541 0.123636
