2 0.596000 0.458750 0.148000 0.167500
2 0.746000 0.406250 0.092000 0.097500
2 0.770000 0.485000 0.096000 0.110000
0 0.722000 0.187500 0.108000 0.130000
0 0.736000 0.305000 0.104000 0.125000
0 0.452000 0.847500 0.100000 0.120000
0 0.544000 0.786250 0.108000 0.122500
0 0.546000 0.905000 0.128000 0.115000
0 0.193000 0.326250 0.082000 0.092500
2 0.076000 0.417500 0.076000 0.070000
2 0.086000 0.471250 0.076000 0.077500
2 0.079000 0.532500 0.074000 0.070000
2 0.041000 0.506250 0.066000 0.067500
2 0.023000 0.443750 0.042000 0.077500
2 0.061000 0.310000 0.094000 0.100000
2 0.022000 0.356250 0.040000 0.082500
0 0.379000 0.247500 0.102000 0.115000
0 0.533000 0.615000 0.070000 0.065000
2 0.577000 0.072500 0.194000 0.140000
