0 0.196000 0.136250 0.164000 0.192500
0 0.228000 0.377500 0.160000 0.190000
0 0.056000 0.297500 0.108000 0.190000
1 0.072000 0.513750 0.140000 0.192500
1 0.256000 0.567500 0.160000 0.195000
1 0.116000 0.747500 0.184000 0.195000
1 0.301000 0.796250 0.174000 0.192500
1 0.155000 0.940000 0.138000 0.120000
1 0.642000 0.588750 0.072000 0.107500
0 0.522000 0.161250 0.088000 0.117500
0 0.464000 0.218750 0.064000 0.087500
0 0.537000 0.273750 0.098000 0.097500
0 0.578000 0.372500 0.092000 0.110000
0 0.616000 0.473750 0.080000 0.097500
0 0.575000 0.538750 0.078000 0.092500
0 0.540000 0.433750 0.088000 0.117500
0 0.497000 0.316250 0.066000 0.087500
